timeStamp,elapsed,label,responseCode,threadName,failureMessage,grpThreads,allThreads,URL,Latency,IdleTime,Connect
1711023279410,118561,HTTP Request - fidustest.skolverket,Non HTTP response code: java.net.SocketException,Thread Group 1-47,Test failed: code expected to contain /200/,200,200,https://idp-skolverket.dev.eduid.se/EduidSP/2021005208/sso/redirect?SAMLRequest=hZJLb8IwEIT%2FSuR7Yju8LYJEoVKRaBsR2kMvlYmXYhHs1OvQ9t83IX3QC72ttONvNOMdozwUpZhWfmdW8FoB%2BuD9UBgUp0VCKmeElahRGHkAFD4X2fR2KeKIidJZb3NbkGCKCM5ra2bWYHUAl4E76hweVsuE7LwvUVC61apCXztEuLfFEdwe6hFottObjS3A7yJESxt8TNP7bE2Cea3WRjbkX45WZXhGUHCMQFVaNazrZshSGrOYM9aL2ZA2TAdKO8g9CRbzhDxzvt1KGA1ylQ%2F7ELMt7%2FaY5F0%2B6vXVZtCpZYgVLAx6aXxCalo3ZJ0w5mseC94VndETCdKv%2BFfaKG1eLne1aUUobtbrNGzTPYLDU7JaQCbjpnFxMnZnf3AZK7%2BLJ5P%2Fasafmsf0zKr1LcVdzV7MU1vo%2FCOYFoV9mzmQHhLCCZ20T%2F4eyuQT&RelayState=cookie%3A1711023279_d894,169,0,126
1711023279410,169,HTTP Request - fidustest.skolverket-0,302,Thread Group 1-47,,200,200,https://fidustest.skolverket.se/Shibboleth.sso/Login?target=https://fidustest.skolverket.se/secure&entityID=https://idp-skolverket.dev.eduid.se/2021005208,169,0,126
1711023316910,81061,HTTP Request - fidustest.skolverket,Non HTTP response code: java.net.SocketException,Thread Group 1-122,Test failed: code expected to contain /200/,200,200,https://idp-skolverket.dev.eduid.se/EduidSP/2021005208/sso/redirect?SAMLRequest=hZJLT8MwEIT%2FSuR749ikSrGaSqVFolKBqAkcuKA8NtSqawevU%2BDfkzQ8yqXcVtrxN5rxTjHfq0bMW7fVG3htAZ33vlcaxXERk9ZqYXKUKHS%2BBxSuFOn8di24H4jGGmdKo4g3RwTrpNELo7Hdg03BHmQJD5t1TLbONSgorWXVouscfNwZdQC7g24Emm5lURgFbusjGtrjOU3u04x4y04tdd6TfzmyakYnhAoOPlStrHrWdT%2BkCeUBZ0Ew5sGE9kwLlbRQOuKtljF5DqKah%2BOyrvkkCll5yVgYFkURlZMcgrqIOhliCyuNLtcuJh0tHAUXI84yxgUbCxY9ES%2F5in8ldSX1y%2FmuikGE4ibLktGQ7hEsHpN1AjKb9o2Lo7E9%2BYPz2Py7eDL7r2b8qXlKT6wG30bcdezVMjFKlh%2FeXCnztrCQO4gJI3Q2PPl7KLNP&RelayState=cookie%3A1711023317_be0d,143,0,100
1711023316910,143,HTTP Request - fidustest.skolverket-0,302,Thread Group 1-122,,200,200,https://fidustest.skolverket.se/Shibboleth.sso/Login?target=https://fidustest.skolverket.se/secure&entityID=https://idp-skolverket.dev.eduid.se/2021005208,143,0,100
1711023279579,118392,HTTP Request - fidustest.skolverket-1,Non HTTP response code: java.net.SocketException,Thread Group 1-47,,200,200,https://idp-skolverket.dev.eduid.se/EduidSP/2021005208/sso/redirect?SAMLRequest=hZJLb8IwEIT%2FSuR7Yju8LYJEoVKRaBsR2kMvlYmXYhHs1OvQ9t83IX3QC72ttONvNOMdozwUpZhWfmdW8FoB%2BuD9UBgUp0VCKmeElahRGHkAFD4X2fR2KeKIidJZb3NbkGCKCM5ra2bWYHUAl4E76hweVsuE7LwvUVC61apCXztEuLfFEdwe6hFottObjS3A7yJESxt8TNP7bE2Cea3WRjbkX45WZXhGUHCMQFVaNazrZshSGrOYM9aL2ZA2TAdKO8g9CRbzhDxzvt1KGA1ylQ%2F7ELMt7%2FaY5F0%2B6vXVZtCpZYgVLAx6aXxCalo3ZJ0w5mseC94VndETCdKv%2BFfaKG1eLne1aUUobtbrNGzTPYLDU7JaQCbjpnFxMnZnf3AZK7%2BLJ5P%2Fasafmsf0zKr1LcVdzV7MU1vo%2FCOYFoV9mzmQHhLCCZ20T%2F4eyuQT&RelayState=cookie%3A1711023279_d894,0,0,118392
1711023317054,80917,HTTP Request - fidustest.skolverket-1,Non HTTP response code: java.net.SocketException,Thread Group 1-122,,200,200,https://idp-skolverket.dev.eduid.se/EduidSP/2021005208/sso/redirect?SAMLRequest=hZJLT8MwEIT%2FSuR749ikSrGaSqVFolKBqAkcuKA8NtSqawevU%2BDfkzQ8yqXcVtrxN5rxTjHfq0bMW7fVG3htAZ33vlcaxXERk9ZqYXKUKHS%2BBxSuFOn8di24H4jGGmdKo4g3RwTrpNELo7Hdg03BHmQJD5t1TLbONSgorWXVouscfNwZdQC7g24Emm5lURgFbusjGtrjOU3u04x4y04tdd6TfzmyakYnhAoOPlStrHrWdT%2BkCeUBZ0Ew5sGE9kwLlbRQOuKtljF5DqKah%2BOyrvkkCll5yVgYFkURlZMcgrqIOhliCyuNLtcuJh0tHAUXI84yxgUbCxY9ES%2F5in8ldSX1y%2FmuikGE4ibLktGQ7hEsHpN1AjKb9o2Lo7E9%2BYPz2Py7eDL7r2b8qXlKT6wG30bcdezVMjFKlh%2FeXCnztrCQO4gJI3Q2PPl7KLNP&RelayState=cookie%3A1711023317_be0d,0,0,80917
1711023271408,126563,HTTP Request - fidustest.skolverket,Non HTTP response code: java.net.SocketException,Thread Group 1-31,Test failed: code expected to contain /200/,200,200,https://idp-skolverket.dev.eduid.se/EduidSP/2021005208/sso/redirect?SAMLRequest=hZJLT8MwEIT%2FSuR76zxKH1YTKbRIVCoQNYEDF5TYC7Ga2MHrFPj3JA2Pcim3lXb8jWa8S8zrqmFxa0u1g9cW0DrvdaWQHRchaY1iOkeJTOU1ILOcpfHNlvljlzVGW811RZwYEYyVWq20wrYGk4I5SA73u21ISmsbZJQ%2BS9Gi7RzGuNfVAcweuhFoWsqi0BXYcoyoaY%2F3aXKXZsRZd2qp8p78y5GiGZ0QBBzGIFopetZVP6QJ9V3fc90L353TnmlASAPcEmezDsnTrJhz1%2BPFVBQB8Fku5nzG5yAWfDHlAfc7GWILG4U2VzYkHW0ycoOR72Wez7wJC7xH4iRf8S%2BlElK9nO%2BqGETIrrMsGQ3pHsDgMVknINGyb5wdjc3JH5zH5t%2FFk%2Bi%2FmvGn5iU9sRp8G3bbsTfrRFeSfzhxVem3lYHcQkg8QqPhyd9DiT4B&RelayState=cookie%3A1711023271_5067,228,0,169
1711023271408,228,HTTP Request - fidustest.skolverket-0,302,Thread Group 1-31,,200,200,https://fidustest.skolverket.se/Shibboleth.sso/Login?target=https://fidustest.skolverket.se/secure&entityID=https://idp-skolverket.dev.eduid.se/2021005208,228,0,169
1711023321906,76064,HTTP Request - fidustest.skolverket,Non HTTP response code: java.net.SocketException,Thread Group 1-132,Test failed: code expected to contain /200/,200,200,https://idp-skolverket.dev.eduid.se/EduidSP/2021005208/sso/redirect?SAMLRequest=hZJfT8IwFMW%2FytJ3aNeBQsOWTDCRBHVh6IMvZlvvpGG0s7dD%2FfZuzD%2F4gm83uae%2Fk3N6Z5jtq1rEjdvqNbw2gM5731caxXERksZqYTJUKHS2BxSuEGl8uxJ8yERtjTOFqYgXI4J1yui50djswaZgD6qAh%2FUqJFvnahSUlko26FqHIe5MdQC7g3YEmm5VnpsK3HaIaGiH5zS5TzfEW7RqpbOO%2FMtRsh6cECQchiAbJTvWdTekCeWM%2B4yNOZvQjmlBKguFI95yEZLnsczKPGDTkV9AcFHIfDrhZQB5zstLNipZK0NsYKnRZdqFpKWNBiwYcH%2Fjc%2BGPBedPxEu%2B4l8pLZV%2BOd9V3otQ3Gw2yaBP9wgWj8laAYlmXePiaGxP%2FuA8NvsunkT%2F1Yw%2FNc%2FoiVXvW4u7lr1cJKZSxYcXV5V5m1vIHITEJzTqn%2Fw9lOgT&RelayState=cookie%3A1711023322_6205,155,0,110
1711023271638,126333,HTTP Request - fidustest.skolverket-1,Non HTTP response code: java.net.SocketException,Thread Group 1-31,,200,200,https://idp-skolverket.dev.eduid.se/EduidSP/2021005208/sso/redirect?SAMLRequest=hZJLT8MwEIT%2FSuR76zxKH1YTKbRIVCoQNYEDF5TYC7Ga2MHrFPj3JA2Pcim3lXb8jWa8S8zrqmFxa0u1g9cW0DrvdaWQHRchaY1iOkeJTOU1ILOcpfHNlvljlzVGW811RZwYEYyVWq20wrYGk4I5SA73u21ISmsbZJQ%2BS9Gi7RzGuNfVAcweuhFoWsqi0BXYcoyoaY%2F3aXKXZsRZd2qp8p78y5GiGZ0QBBzGIFopetZVP6QJ9V3fc90L353TnmlASAPcEmezDsnTrJhz1%2BPFVBQB8Fku5nzG5yAWfDHlAfc7GWILG4U2VzYkHW0ycoOR72Wez7wJC7xH4iRf8S%2BlElK9nO%2BqGETIrrMsGQ3pHsDgMVknINGyb5wdjc3JH5zH5t%2FFk%2Bi%2FmvGn5iU9sRp8G3bbsTfrRFeSfzhxVem3lYHcQkg8QqPhyd9DiT4B&RelayState=cookie%3A1711023271_5067,0,0,126333
1711023321906,155,HTTP Request - fidustest.skolverket-0,302,Thread Group 1-132,,200,200,https://fidustest.skolverket.se/Shibboleth.sso/Login?target=https://fidustest.skolverket.se/secure&entityID=https://idp-skolverket.dev.eduid.se/2021005208,155,0,110
1711023322062,75908,HTTP Request - fidustest.skolverket-1,Non HTTP response code: java.net.SocketException,Thread Group 1-132,,200,200,https://idp-skolverket.dev.eduid.se/EduidSP/2021005208/sso/redirect?SAMLRequest=hZJfT8IwFMW%2FytJ3aNeBQsOWTDCRBHVh6IMvZlvvpGG0s7dD%2FfZuzD%2F4gm83uae%2Fk3N6Z5jtq1rEjdvqNbw2gM5731caxXERksZqYTJUKHS2BxSuEGl8uxJ8yERtjTOFqYgXI4J1yui50djswaZgD6qAh%2FUqJFvnahSUlko26FqHIe5MdQC7g3YEmm5VnpsK3HaIaGiH5zS5TzfEW7RqpbOO%2FMtRsh6cECQchiAbJTvWdTekCeWM%2B4yNOZvQjmlBKguFI95yEZLnsczKPGDTkV9AcFHIfDrhZQB5zstLNipZK0NsYKnRZdqFpKWNBiwYcH%2Fjc%2BGPBedPxEu%2B4l8pLZV%2BOd9V3otQ3Gw2yaBP9wgWj8laAYlmXePiaGxP%2FuA8NvsunkT%2F1Yw%2FNc%2FoiVXvW4u7lr1cJKZSxYcXV5V5m1vIHITEJzTqn%2Fw9lOgT&RelayState=cookie%3A1711023322_6205,0,0,75908
1711023347907,50062,HTTP Request - fidustest.skolverket,Non HTTP response code: java.net.SocketException,Thread Group 1-184,Test failed: code expected to contain /200/,200,200,https://idp-skolverket.dev.eduid.se/EduidSP/2021005208/sso/redirect?SAMLRequest=hZJfb4IwFMW%2FCuk7FKqoNGLidMlM3EaE7WEvS4XLbMSW9Ra3ffuB7I97cW83uae%2Fk3N6pygOVc3njd2pDbw2gNZ5P1QK%2BWkRk8YorgVK5EocALnNeTq%2FXXPm%2Bbw22upcV8SZI4KxUquFVtgcwKRgjjKHh806Jjtra%2BSUlrJo0LYOHu51dQSzh3YEmu7kdqsrsDsPUdMOz2hyn2bEWbZqqURH%2FuXIonbPCAUcPSgaWXSs625IE8p8Fvh%2ByPwJ7ZgGCmkgt8RZLWPyPIBwEo3LURiNx6IUo5KFEEVROIr8chAw0coQG1gptELZmLS0oesPXBZkAeNByIeTJ%2BIkX%2FGvpCqkernc1bYXIb%2FJssTt0z2CwVOyVkBm065xfjI2Z39wGSu%2Biyez%2F2rGn5qn9Myq9635XcteLRNdyfzDmVeVflsYEBZiEhA665%2F8PZTZJw%3D%3D&RelayState=cookie%3A1711023348_b365,217,0,167
1711023347907,217,HTTP Request - fidustest.skolverket-0,302,Thread Group 1-184,,200,200,https://fidustest.skolverket.se/Shibboleth.sso/Login?target=https://fidustest.skolverket.se/secure&entityID=https://idp-skolverket.dev.eduid.se/2021005208,217,0,167
1711023348126,49843,HTTP Request - fidustest.skolverket-1,Non HTTP response code: java.net.SocketException,Thread Group 1-184,,200,200,https://idp-skolverket.dev.eduid.se/EduidSP/2021005208/sso/redirect?SAMLRequest=hZJfb4IwFMW%2FCuk7FKqoNGLidMlM3EaE7WEvS4XLbMSW9Ra3ffuB7I97cW83uae%2Fk3N6pygOVc3njd2pDbw2gNZ5P1QK%2BWkRk8YorgVK5EocALnNeTq%2FXXPm%2Bbw22upcV8SZI4KxUquFVtgcwKRgjjKHh806Jjtra%2BSUlrJo0LYOHu51dQSzh3YEmu7kdqsrsDsPUdMOz2hyn2bEWbZqqURH%2FuXIonbPCAUcPSgaWXSs625IE8p8Fvh%2ByPwJ7ZgGCmkgt8RZLWPyPIBwEo3LURiNx6IUo5KFEEVROIr8chAw0coQG1gptELZmLS0oesPXBZkAeNByIeTJ%2BIkX%2FGvpCqkernc1bYXIb%2FJssTt0z2CwVOyVkBm065xfjI2Z39wGSu%2Biyez%2F2rGn5qn9Myq9635XcteLRNdyfzDmVeVflsYEBZiEhA665%2F8PZTZJw%3D%3D&RelayState=cookie%3A1711023348_b365,0,0,49843
1711023258905,139066,HTTP Request - fidustest.skolverket,Non HTTP response code: java.net.SocketException,Thread Group 1-6,Test failed: code expected to contain /200/,200,200,https://idp-skolverket.dev.eduid.se/EduidSP/2021005208/sso/redirect?SAMLRequest=hZJfT4MwFMW%2FCuk7FOqWbc0gwc3EJVOJoA%2B%2BmFLuXDPWYm%2BZ%2Bu2F4Z%2F5Mt9uck9%2FJ%2Bf0zlHs64anrdvqe3htAZ33vq818uMiJq3V3AhUyLXYA3IneZ7erDkLQt5Y44w0NfFSRLBOGb0wGts92BzsQUl4uF%2FHZOtcg5zSjapadJ1DgDtTH8DuoBuB5ltVlqYGtw0QDe3xjGZ3eUG8ZadWWvTkX46qGv%2BEUMEhgKpVVc%2B66oc8oyxkURiOWTilPdNCpSxIR7zVMibPkZyVbDwpJ6Vgm0jKstyMZDgZMQGzcTWZdjLEFlYandAuJh1t5IcXPouKiPFoxKPZE%2FGyr%2FiXSldKv5zvqhxEyK%2BLIvOHdI9g8ZisE5Bk3jfOj8b25A%2FOY8V38ST5r2b8qXlOT6wG34bfduzVMjO1kh9eWtfmbWFBOIhJRGgyPPl7KMkn&RelayState=cookie%3A1711023259_2c7a,126,0,82
1711023296412,101560,HTTP Request - fidustest.skolverket,Non HTTP response code: java.net.SocketException,Thread Group 1-81,Test failed: code expected to contain /200/,200,200,https://idp-skolverket.dev.eduid.se/EduidSP/2021005208/sso/redirect?SAMLRequest=hZJfT4MwFMW%2FCuk7FDqYWzOWzM3EJVPJQB98MUCv0oy12Fumfnth%2BGe%2BzLeb3NPfyTm9M8z3dcMXra3UFl5bQOu872uF%2FLiISWsU1zlK5CrfA3Jb8nRxs%2BHM83ljtNWlromzQARjpVZLrbDdg0nBHGQJ99tNTCprG%2BSUPkvRou0cPNzp%2BgBmB90INK1kUegabOUhatrjGU3u0ow4q04tVd6TfzlSNO4JQcDBA9FK0bOu%2BiFNKPNZ4PsR8ye0ZxoQ0kBpibNexeRJgF9Og6gQRRiFLBwVrLiIxmM%2FH43DqSgnnQyxhbVCmysbk44Wuv7IZUEWMB6EPBo%2FEif5in8plZDq5XxXxSBCfp1liTukewCDx2SdgMxnfeP8aGxO%2FuA8Nv8unsz%2Fqxl%2Fap7RE6vBt%2BG3HXu9SnQtyw9nUdf6bWkgtxCTgND58OTvocw%2FAQ%3D%3D&RelayState=cookie%3A1711023296_7f72,156,0,118
1711023258905,126,HTTP Request - fidustest.skolverket-0,302,Thread Group 1-6,,200,200,https://fidustest.skolverket.se/Shibboleth.sso/Login?target=https://fidustest.skolverket.se/secure&entityID=https://idp-skolverket.dev.eduid.se/2021005208,126,0,82
1711023296412,156,HTTP Request - fidustest.skolverket-0,302,Thread Group 1-81,,200,200,https://fidustest.skolverket.se/Shibboleth.sso/Login?target=https://fidustest.skolverket.se/secure&entityID=https://idp-skolverket.dev.eduid.se/2021005208,156,0,118
1711023257911,140060,HTTP Request - fidustest.skolverket,Non HTTP response code: java.net.SocketException,Thread Group 1-4,Test failed: code expected to contain /200/,200,200,https://idp-skolverket.dev.eduid.se/EduidSP/2021005208/sso/redirect?SAMLRequest=hZJfT4MwFMW%2FCun7KJTNzWYswc3EJVPJQB98MQUu0gxa7C1Tv72w%2BWe%2BzLeb3NPfyTm9cxRN3fKos5XawmsHaJ33plbID4uQdEZxLVAiV6IB5DbnSXS74cz1eGu01bmuiRMhgrFSq6VW2DVgEjB7mcPDdhOSytoWOaWlLDq0vYOLO13vweygH4EmlcwyXYOtXERNBzyj8X2SEmfVq6USA%2FmXI4t2dEIoYO9C0cliYF0PQxJT5jHf8ybMm9GBaaCQBnJLnPUqJM8BuxRT5omSTYLpNAgmZVB6wi%2FFRTYuGUAvQ%2BxgrdAKZUPS08YjLxgxP%2FUZ98fcnz0RJ%2F6KfyVVIdXL%2Ba6yowj5TZrGo2O6RzB4SNYLyGI%2BNM4PxubkD85jxXfxZPFfzfhT85yeWB19W37Xs9erWNcy%2F3CiutZvSwPCQkh8QhfHJ38PZfEJ&RelayState=cookie%3A1711023258_d253,173,0,102
1711023296569,101403,HTTP Request - fidustest.skolverket-1,Non HTTP response code: java.net.SocketException,Thread Group 1-81,,200,200,https://idp-skolverket.dev.eduid.se/EduidSP/2021005208/sso/redirect?SAMLRequest=hZJfT4MwFMW%2FCuk7FDqYWzOWzM3EJVPJQB98MUCv0oy12Fumfnth%2BGe%2BzLeb3NPfyTm9M8z3dcMXra3UFl5bQOu872uF%2FLiISWsU1zlK5CrfA3Jb8nRxs%2BHM83ljtNWlromzQARjpVZLrbDdg0nBHGQJ99tNTCprG%2BSUPkvRou0cPNzp%2BgBmB90INK1kUegabOUhatrjGU3u0ow4q04tVd6TfzlSNO4JQcDBA9FK0bOu%2BiFNKPNZ4PsR8ye0ZxoQ0kBpibNexeRJgF9Og6gQRRiFLBwVrLiIxmM%2FH43DqSgnnQyxhbVCmysbk44Wuv7IZUEWMB6EPBo%2FEif5in8plZDq5XxXxSBCfp1liTukewCDx2SdgMxnfeP8aGxO%2FuA8Nv8unsz%2Fqxl%2Fap7RE6vBt%2BG3HXu9SnQtyw9nUdf6bWkgtxCTgND58OTvocw%2FAQ%3D%3D&RelayState=cookie%3A1711023296_7f72,0,0,101403
1711023259032,138939,HTTP Request - fidustest.skolverket-1,Non HTTP response code: java.net.SocketException,Thread Group 1-6,,200,200,https://idp-skolverket.dev.eduid.se/EduidSP/2021005208/sso/redirect?SAMLRequest=hZJfT4MwFMW%2FCuk7FOqWbc0gwc3EJVOJoA%2B%2BmFLuXDPWYm%2BZ%2Bu2F4Z%2F5Mt9uck9%2FJ%2Bf0zlHs64anrdvqe3htAZ33vq818uMiJq3V3AhUyLXYA3IneZ7erDkLQt5Y44w0NfFSRLBOGb0wGts92BzsQUl4uF%2FHZOtcg5zSjapadJ1DgDtTH8DuoBuB5ltVlqYGtw0QDe3xjGZ3eUG8ZadWWvTkX46qGv%2BEUMEhgKpVVc%2B66oc8oyxkURiOWTilPdNCpSxIR7zVMibPkZyVbDwpJ6Vgm0jKstyMZDgZMQGzcTWZdjLEFlYandAuJh1t5IcXPouKiPFoxKPZE%2FGyr%2FiXSldKv5zvqhxEyK%2BLIvOHdI9g8ZisE5Bk3jfOj8b25A%2FOY8V38ST5r2b8qXlOT6wG34bfduzVMjO1kh9eWtfmbWFBOIhJRGgyPPl7KMkn&RelayState=cookie%3A1711023259_2c7a,0,0,138939
1711023288905,109069,HTTP Request - fidustest.skolverket,Non HTTP response code: java.net.SocketException,Thread Group 1-66,Test failed: code expected to contain /200/,200,200,https://idp-skolverket.dev.eduid.se/EduidSP/2021005208/sso/redirect?SAMLRequest=hZJfT4MwFMW%2FCuk7FDrmXDNIcDNxyVQypg%2B%2BmAJ30gxa7C1Tv72w%2BWe%2BzLeb3NPfyTm9MxRN3fKks5Vaw2sHaJ33plbID4uIdEZxLVAiV6IB5LbgWXK74szzeWu01YWuiZMggrFSq7lW2DVgMjB7WcDDehWRytoWOaVbWXZoewcPd7reg9lBPwLNKpnnugZbeYiaDnhG0%2FtsQ5xFr5ZKDORfjixb94RQwt6DspPlwLoehiylzGeB74%2BZf0kHpoFSGigscZaLiDyzSxZOYDoOxMW2zIMpFAJgnANsxQRGYdjLEDtYKrRC2Yj0tND1Ry4LNgHjQcjD6RNx0q%2F4V1KVUr2c7yo%2FipDfbDape0z3CAYPyXoBiWdD4%2FxgbE7%2B4DxWfBdP4v9qxp%2BaZ%2FTE6ujb8ruevVykupbFh5PUtX6bGxAWIhIQGh%2Bf%2FD2U%2BBM%3D&RelayState=cookie%3A1711023289_ab27,139,0,91
1711023288905,139,HTTP Request - fidustest.skolverket-0,302,Thread Group 1-66,,200,200,https://fidustest.skolverket.se/Shibboleth.sso/Login?target=https://fidustest.skolverket.se/secure&entityID=https://idp-skolverket.dev.eduid.se/2021005208,139,0,91
1711023257911,173,HTTP Request - fidustest.skolverket-0,302,Thread Group 1-4,,200,200,https://fidustest.skolverket.se/Shibboleth.sso/Login?target=https://fidustest.skolverket.se/secure&entityID=https://idp-skolverket.dev.eduid.se/2021005208,173,0,102
1711023283908,114064,HTTP Request - fidustest.skolverket,Non HTTP response code: java.net.SocketException,Thread Group 1-56,Test failed: code expected to contain /200/,200,200,https://idp-skolverket.dev.eduid.se/EduidSP/2021005208/sso/redirect?SAMLRequest=hZJfT4MwFMW%2FCun71sJgLM1YMjcTl0wlA33wxRS4k2bQYm%2BZ%2Bu2F4Z%2F5Mt9uck9%2FJ%2Bf0zlHUVcOXrS3VDl5bQOu815VCflpEpDWKa4ESuRI1ILc5T5a3W%2B6NGW%2BMtjrXFXGWiGCs1GqlFbY1mATMUebwsNtGpLS2QU7pXhYt2s5hjAddHcEcoBuBJqXMMl2BLceImvZ4j8b3SUqcdaeWSvTkX44smtEZoYDjGIpWFj3ruh%2BSmHrMcxkLPDajPdNAIQ3kljibdUSeGWPTwA32bDbJw2Cfh2GQTfciD8EVxSz0OxliCxuFVigbkY7mj9hk5Lmp63HX577%2FRJz4K%2F6VVIVUL5e7ygYR8ps0jUdDukcweErWCchi3jfOT8bm7A8uY8V38WTxX834U%2FOcnlkNvg2%2F69ibdawrmX84y6rSbysDwkJEXEIXw5O%2Fh7L4BA%3D%3D&RelayState=cookie%3A1711023284_a019,178,0,127
1711023283908,178,HTTP Request - fidustest.skolverket-0,302,Thread Group 1-56,,200,200,https://fidustest.skolverket.se/Shibboleth.sso/Login?target=https://fidustest.skolverket.se/secure&entityID=https://idp-skolverket.dev.eduid.se/2021005208,178,0,127
1711023258085,139886,HTTP Request - fidustest.skolverket-1,Non HTTP response code: java.net.SocketException,Thread Group 1-4,,200,200,https://idp-skolverket.dev.eduid.se/EduidSP/2021005208/sso/redirect?SAMLRequest=hZJfT4MwFMW%2FCun7KJTNzWYswc3EJVPJQB98MQUu0gxa7C1Tv72w%2BWe%2BzLeb3NPfyTm9cxRN3fKos5XawmsHaJ33plbID4uQdEZxLVAiV6IB5DbnSXS74cz1eGu01bmuiRMhgrFSq6VW2DVgEjB7mcPDdhOSytoWOaWlLDq0vYOLO13vweygH4EmlcwyXYOtXERNBzyj8X2SEmfVq6USA%2FmXI4t2dEIoYO9C0cliYF0PQxJT5jHf8ybMm9GBaaCQBnJLnPUqJM8BuxRT5omSTYLpNAgmZVB6wi%2FFRTYuGUAvQ%2BxgrdAKZUPS08YjLxgxP%2FUZ98fcnz0RJ%2F6KfyVVIdXL%2Ba6yowj5TZrGo2O6RzB4SNYLyGI%2BNM4PxubkD85jxXfxZPFfzfhT85yeWB19W37Xs9erWNcy%2F3CiutZvSwPCQkh8QhfHJ38PZfEJ&RelayState=cookie%3A1711023258_d253,0,0,139886
1711023289045,108929,HTTP Request - fidustest.skolverket-1,Non HTTP response code: java.net.SocketException,Thread Group 1-66,,200,200,https://idp-skolverket.dev.eduid.se/EduidSP/2021005208/sso/redirect?SAMLRequest=hZJfT4MwFMW%2FCuk7FDrmXDNIcDNxyVQypg%2B%2BmAJ30gxa7C1Tv72w%2BWe%2BzLeb3NPfyTm9MxRN3fKks5Vaw2sHaJ33plbID4uIdEZxLVAiV6IB5LbgWXK74szzeWu01YWuiZMggrFSq7lW2DVgMjB7WcDDehWRytoWOaVbWXZoewcPd7reg9lBPwLNKpnnugZbeYiaDnhG0%2FtsQ5xFr5ZKDORfjixb94RQwt6DspPlwLoehiylzGeB74%2BZf0kHpoFSGigscZaLiDyzSxZOYDoOxMW2zIMpFAJgnANsxQRGYdjLEDtYKrRC2Yj0tND1Ry4LNgHjQcjD6RNx0q%2F4V1KVUr2c7yo%2FipDfbDape0z3CAYPyXoBiWdD4%2FxgbE7%2B4DxWfBdP4v9qxp%2BaZ%2FTE6ujb8ruevVykupbFh5PUtX6bGxAWIhIQGh%2Bf%2FD2U%2BBM%3D&RelayState=cookie%3A1711023289_ab27,0,0,108929
1711023305409,92563,HTTP Request - fidustest.skolverket,Non HTTP response code: java.net.SocketException,Thread Group 1-99,Test failed: code expected to contain /200/,200,200,https://idp-skolverket.dev.eduid.se/EduidSP/2021005208/sso/redirect?SAMLRequest=hZJfT8IwFMW%2FytL30a4yNhtGgmAiCerC0AdfTFmv0rC1s7dD%2FfZu4B980beb3NPfyTm9Y5R11Yhp67dmBS8toA%2Fe6sqgOCwy0jojrESNwsgaUPhSFNPrpeADJhpnvS1tRYIpIjivrZlZg20NrgC31yXcrZYZ2XrfoKD0SasWfecwwJ2t9uB20I1Ai63ebGwFfjtAtLTHc5rfFmsSzDu1NrIn%2F3C0asITgoL9AFSrVc%2B67Icip5zxiLGYs5T2TAdKOyg9CRbzjDwOoUyTWJZRksRMKpWMRjxSjJ1DmnJQspMhtrAw6KXxGelow5CdhTxaR1xEsWDxAwnyz%2FgX2ihtnv%2FuanMUobhar%2FPwmO4eHB6SdQIyGfeNi4OxO%2FmDv7Hyq3gy%2Ba9m%2FK55TE%2Bsjr6NuOnYi3luK12%2BB9Oqsq8zB9JDRiJCJ8cnvw9l8gE%3D&RelayState=cookie%3A1711023305_7ff8,170,0,127
1711023266406,131565,HTTP Request - fidustest.skolverket,Non HTTP response code: java.net.SocketException,Thread Group 1-21,Test failed: code expected to contain /200/,200,200,https://idp-skolverket.dev.eduid.se/EduidSP/2021005208/sso/redirect?SAMLRequest=hZJfT4MwFMW%2FCun7KNQNZzOW4GbikqlkoA%2B%2BmELvpBm02Fumfnth88980beb3NPfyTm9MxRN3fKkc5XewEsH6Ly3ptbID4uYdFZzI1Ah16IB5K7kWXKz5swPeGuNM6WpiZcggnXK6IXR2DVgM7B7VcL9Zh2TyrkWOaVbJTt0vYOPO1Pvwe6gH4FmlSoKU4OrfERDBzyj6V2WE2%2FZq5UWA%2FmHo2Q7OiFI2PsgOyUH1tUwZCllAQuDYMKCKR2YFqSyUDrirZYxedqGkRiL84hFFxMRFAEwuY1CmDKAiZAi6mWIHaw0OqFdTHraeBScjViYh4yHY86iR%2BKln%2FEvlZZKP%2F%2FdVXEUIb%2FO83R0TPcAFg%2FJegGZz4bG%2BcHYnvzB31jxVTyZ%2F1czftc8oydWR9%2BW3%2Fbs1TI1tSrfvaSuzevCgnAQk5DQ%2BfHJ70OZfwA%3D&RelayState=cookie%3A1711023266_f897,159,0,82
1711023305409,170,HTTP Request - fidustest.skolverket-0,302,Thread Group 1-99,,200,200,https://fidustest.skolverket.se/Shibboleth.sso/Login?target=https://fidustest.skolverket.se/secure&entityID=https://idp-skolverket.dev.eduid.se/2021005208,170,0,127
1711023266406,159,HTTP Request - fidustest.skolverket-0,302,Thread Group 1-21,,200,200,https://fidustest.skolverket.se/Shibboleth.sso/Login?target=https://fidustest.skolverket.se/secure&entityID=https://idp-skolverket.dev.eduid.se/2021005208,159,0,82
1711023305581,92391,HTTP Request - fidustest.skolverket-1,Non HTTP response code: java.net.SocketException,Thread Group 1-99,,200,200,https://idp-skolverket.dev.eduid.se/EduidSP/2021005208/sso/redirect?SAMLRequest=hZJfT8IwFMW%2FytL30a4yNhtGgmAiCerC0AdfTFmv0rC1s7dD%2FfZu4B980beb3NPfyTm9Y5R11Yhp67dmBS8toA%2Fe6sqgOCwy0jojrESNwsgaUPhSFNPrpeADJhpnvS1tRYIpIjivrZlZg20NrgC31yXcrZYZ2XrfoKD0SasWfecwwJ2t9uB20I1Ai63ebGwFfjtAtLTHc5rfFmsSzDu1NrIn%2F3C0asITgoL9AFSrVc%2B67Icip5zxiLGYs5T2TAdKOyg9CRbzjDwOoUyTWJZRksRMKpWMRjxSjJ1DmnJQspMhtrAw6KXxGelow5CdhTxaR1xEsWDxAwnyz%2FgX2ihtnv%2FuanMUobhar%2FPwmO4eHB6SdQIyGfeNi4OxO%2FmDv7Hyq3gy%2Ba9m%2FK55TE%2Bsjr6NuOnYi3luK12%2BB9Oqsq8zB9JDRiJCJ8cnvw9l8gE%3D&RelayState=cookie%3A1711023305_7ff8,0,0,92391
1711023266567,131404,HTTP Request - fidustest.skolverket-1,Non HTTP response code: java.net.SocketException,Thread Group 1-21,,200,200,https://idp-skolverket.dev.eduid.se/EduidSP/2021005208/sso/redirect?SAMLRequest=hZJfT4MwFMW%2FCun7KNQNZzOW4GbikqlkoA%2B%2BmELvpBm02Fumfnth88980beb3NPfyTm9MxRN3fKkc5XewEsH6Ly3ptbID4uYdFZzI1Ah16IB5K7kWXKz5swPeGuNM6WpiZcggnXK6IXR2DVgM7B7VcL9Zh2TyrkWOaVbJTt0vYOPO1Pvwe6gH4FmlSoKU4OrfERDBzyj6V2WE2%2FZq5UWA%2FmHo2Q7OiFI2PsgOyUH1tUwZCllAQuDYMKCKR2YFqSyUDrirZYxedqGkRiL84hFFxMRFAEwuY1CmDKAiZAi6mWIHaw0OqFdTHraeBScjViYh4yHY86iR%2BKln%2FEvlZZKP%2F%2FdVXEUIb%2FO83R0TPcAFg%2FJegGZz4bG%2BcHYnvzB31jxVTyZ%2F1czftc8oydWR9%2BW3%2Fbs1TI1tSrfvaSuzevCgnAQk5DQ%2BfHJ70OZfwA%3D&RelayState=cookie%3A1711023266_f897,0,0,131404
1711023333906,64065,HTTP Request - fidustest.skolverket,Non HTTP response code: java.net.SocketException,Thread Group 1-156,Test failed: code expected to contain /200/,200,200,https://idp-skolverket.dev.eduid.se/EduidSP/2021005208/sso/redirect?SAMLRequest=hZJfT4MwFMW%2FCuk7FArD2QySuZm4ZCoZ0wdfTIE714y12Fumfnth%2BGe%2BzLeb3NPfyTm9ExT7uuHT1m7VCl5bQOu872uF%2FLhISGsU1wIlciX2gNyWPJ%2FeLjnzfN4YbXWpa%2BJMEcFYqdVMK2z3YHIwB1nCw2qZkK21DXJKN7Jq0XYOHu50fQCzg24Emm9lUega7NZD1LTHM5rd52vizDu1VKIn%2F3Jk1bgnhAoOHlStrHrWdT%2FkGWU%2BC3x%2FxPwx7ZkGKmmgtMRZzBPyvInYSIgLP4qL2A%2BjWEA8hnFYhpcRi0UoOhliCwuFViibkI4WuX7osmAdMB6MeBg9ESf7in8lVSXVy%2FmuikGE%2FGa9ztwh3SMYPCbrBCSd9I3zo7E5%2BYPzWPFdPEn%2Fqxl%2Fap7QE6vBt%2BF3HXsxz3Qtyw9nWtf6bWZAWEhIQGg6PPl7KOkn&RelayState=cookie%3A1711023334_9e26,192,0,144
1711023333906,192,HTTP Request - fidustest.skolverket-0,302,Thread Group 1-156,,200,200,https://fidustest.skolverket.se/Shibboleth.sso/Login?target=https://fidustest.skolverket.se/secure&entityID=https://idp-skolverket.dev.eduid.se/2021005208,192,0,144
1711023320407,77564,HTTP Request - fidustest.skolverket,Non HTTP response code: java.net.SocketException,Thread Group 1-129,Test failed: code expected to contain /200/,200,200,https://idp-skolverket.dev.eduid.se/EduidSP/2021005208/sso/redirect?SAMLRequest=hZJfT4MwFMW%2FCun7Vqhj02Yswc3EJVPJQB98MYXeSTNosbdM%2FfbC8M980beb3NPfyTm9cxR11fC4daXewksL6Ly3utLIj4uItFZzI1Ah16IG5K7gaXyz4Wzs88YaZwpTES9GBOuU0Uujsa3BpmAPqoD77SYipXMNckp3SrboOocx7k11ALuHbgSalirPTQWuHCMa2uMZTe7SjHirTq206Mk%2FHCWb0QlBwmEMslWyZ131Q5pQ5rPA90Pmn9OeaUEqC4Uj3noVkadZERYyFOICcplDPpuwiQjEbDad7qYsDGUnQ2xhrdEJ7SLS0SYj%2F2zEgixgPAg58x%2BJl3zGv1RaKv38d1f5IEJ%2BnWXJaEj3ABaPyToBWcz7xvnR2J78wd9Y8VU8WfxXM37XPKcnVoNvw2879nqVmEoV715cVeZ1aUE4iEhA6GJ48vtQFh8%3D&RelayState=cookie%3A1711023320_9003,176,0,121
1711023284088,113884,HTTP Request - fidustest.skolverket-1,Non HTTP response code: java.net.SocketException,Thread Group 1-56,,200,200,https://idp-skolverket.dev.eduid.se/EduidSP/2021005208/sso/redirect?SAMLRequest=hZJfT4MwFMW%2FCun71sJgLM1YMjcTl0wlA33wxRS4k2bQYm%2BZ%2Bu2F4Z%2F5Mt9uck9%2FJ%2Bf0zlHUVcOXrS3VDl5bQOu815VCflpEpDWKa4ESuRI1ILc5T5a3W%2B6NGW%2BMtjrXFXGWiGCs1GqlFbY1mATMUebwsNtGpLS2QU7pXhYt2s5hjAddHcEcoBuBJqXMMl2BLceImvZ4j8b3SUqcdaeWSvTkX44smtEZoYDjGIpWFj3ruh%2BSmHrMcxkLPDajPdNAIQ3kljibdUSeGWPTwA32bDbJw2Cfh2GQTfciD8EVxSz0OxliCxuFVigbkY7mj9hk5Lmp63HX577%2FRJz4K%2F6VVIVUL5e7ygYR8ps0jUdDukcweErWCchi3jfOT8bm7A8uY8V38WTxX834U%2FOcnlkNvg2%2F69ibdawrmX84y6rSbysDwkJEXEIXw5O%2Fh7L4BA%3D%3D&RelayState=cookie%3A1711023284_a019,0,0,113884
1711023289907,108063,HTTP Request - fidustest.skolverket,Non HTTP response code: java.net.SocketException,Thread Group 1-68,Test failed: code expected to contain /200/,200,200,https://idp-skolverket.dev.eduid.se/EduidSP/2021005208/sso/redirect?SAMLRequest=hZJfT4MwFMW%2FCun7aGEwZzNIcDNxyVQypg%2B%2BmAJ30gxa7C1Tv72w%2BWe%2BzLeb3NPfyTm9MxRN3fKks5Vaw2sHaJ33plbID4uIdEZxLVAiV6IB5LbgWXK74r7LeGu01YWuiZMggrFSq7lW2DVgMjB7WcDDehWRytoWOaVbWXZoewcXd7reg9lBPwLNKpnnugZbuYiaDnifpvfZhjiLXi2VGMi%2FHFm2oxNCCXsXyk6WA%2Bt6GLKU%2Bsz3GAt9NqUD00ApDRSWOMtFRJ7LgAUFTELvMvRyCPxpzthkCp4Yi8n2YnzZyxA7WCq0QtmI9LRgxMYj39t4PvcCHrIn4qRf8a%2BkKqV6Od9VfhQhv9ls0tEx3SMYPCTrBSSeDY3zg7E5%2BYPzWPFdPIn%2Fqxl%2Fap7RE6ujb8vvevZykepaFh9OUtf6bW5AWIiIR2h8fPL3UOJP&RelayState=cookie%3A1711023290_b1c4,113,0,72
1711023334099,63872,HTTP Request - fidustest.skolverket-1,Non HTTP response code: java.net.SocketException,Thread Group 1-156,,200,200,https://idp-skolverket.dev.eduid.se/EduidSP/2021005208/sso/redirect?SAMLRequest=hZJfT4MwFMW%2FCuk7FArD2QySuZm4ZCoZ0wdfTIE714y12Fumfnth%2BGe%2BzLeb3NPfyTm9ExT7uuHT1m7VCl5bQOu872uF%2FLhISGsU1wIlciX2gNyWPJ%2FeLjnzfN4YbXWpa%2BJMEcFYqdVMK2z3YHIwB1nCw2qZkK21DXJKN7Jq0XYOHu50fQCzg24Emm9lUega7NZD1LTHM5rd52vizDu1VKIn%2F3Jk1bgnhAoOHlStrHrWdT%2FkGWU%2BC3x%2FxPwx7ZkGKmmgtMRZzBPyvInYSIgLP4qL2A%2BjWEA8hnFYhpcRi0UoOhliCwuFViibkI4WuX7osmAdMB6MeBg9ESf7in8lVSXVy%2FmuikGE%2FGa9ztwh3SMYPCbrBCSd9I3zo7E5%2BYPzWPFdPEn%2Fqxl%2Fap7QE6vBt%2BF3HXsxz3Qtyw9nWtf6bWZAWEhIQGg6PPl7KOkn&RelayState=cookie%3A1711023334_9e26,0,0,63872
1711023289907,113,HTTP Request - fidustest.skolverket-0,302,Thread Group 1-68,,200,200,https://fidustest.skolverket.se/Shibboleth.sso/Login?target=https://fidustest.skolverket.se/secure&entityID=https://idp-skolverket.dev.eduid.se/2021005208,113,0,72
1711023320407,176,HTTP Request - fidustest.skolverket-0,302,Thread Group 1-129,,200,200,https://fidustest.skolverket.se/Shibboleth.sso/Login?target=https://fidustest.skolverket.se/secure&entityID=https://idp-skolverket.dev.eduid.se/2021005208,176,0,121
1711023316409,81561,HTTP Request - fidustest.skolverket,Non HTTP response code: java.net.SocketException,Thread Group 1-121,Test failed: code expected to contain /200/,200,200,https://idp-skolverket.dev.eduid.se/EduidSP/2021005208/sso/redirect?SAMLRequest=hZJfT8IwFMW%2FytJ36NrBwIYtmWAiCerC0AdfTLddpWG0s7dD%2FfZuzD%2F4gm83uae%2Fk3N6Zyj3VS2Sxm31Gl4bQOe97yuN4riISGO1MBIVCi33gMIVIktuVoIPfVFb40xhKuIliGCdMnpuNDZ7sBnYgyrgfr2KyNa5GgWlz6ps0LUOQ9yZ6gB2B%2B0INNuqPDcVuO0Q0dAOz2l6l22It2jVSsuO%2FMtRZT04IZRwGELZqLJjXXVDllLuc%2Bb7Y%2B5Pace0UCoLhSPechGRp0BOpuUI8oIxCAPuByz0w1AGk1FQBOFF3soQG1hqdFK7iLS00cAPBpxtGBdsLFj4SLz0K%2F6l0qXSL%2Be7ynsRiuvNJh306R7A4jFZKyDxrGtcHI3tyR%2Bcx8rv4kn8X834U%2FOMnlj1vrW4bdnLRWoqVXx4SVWZt7kF6SAijNC4f%2FL3UOJP&RelayState=cookie%3A1711023316_1685,140,0,99
1711023290020,107950,HTTP Request - fidustest.skolverket-1,Non HTTP response code: java.net.SocketException,Thread Group 1-68,,200,200,https://idp-skolverket.dev.eduid.se/EduidSP/2021005208/sso/redirect?SAMLRequest=hZJfT4MwFMW%2FCun7aGEwZzNIcDNxyVQypg%2B%2BmAJ30gxa7C1Tv72w%2BWe%2BzLeb3NPfyTm9MxRN3fKks5Vaw2sHaJ33plbID4uIdEZxLVAiV6IB5LbgWXK74r7LeGu01YWuiZMggrFSq7lW2DVgMjB7WcDDehWRytoWOaVbWXZoewcXd7reg9lBPwLNKpnnugZbuYiaDnifpvfZhjiLXi2VGMi%2FHFm2oxNCCXsXyk6WA%2Bt6GLKU%2Bsz3GAt9NqUD00ApDRSWOMtFRJ7LgAUFTELvMvRyCPxpzthkCp4Yi8n2YnzZyxA7WCq0QtmI9LRgxMYj39t4PvcCHrIn4qRf8a%2BkKqV6Od9VfhQhv9ls0tEx3SMYPCTrBSSeDY3zg7E5%2BYPzWPFdPIn%2Fqxl%2Fap7RE6ujb8vvevZykepaFh9OUtf6bW5AWIiIR2h8fPL3UOJP&RelayState=cookie%3A1711023290_b1c4,0,0,107950
1711023316409,141,HTTP Request - fidustest.skolverket-0,302,Thread Group 1-121,,200,200,https://fidustest.skolverket.se/Shibboleth.sso/Login?target=https://fidustest.skolverket.se/secure&entityID=https://idp-skolverket.dev.eduid.se/2021005208,140,0,99
1711023320583,77388,HTTP Request - fidustest.skolverket-1,Non HTTP response code: java.net.SocketException,Thread Group 1-129,,200,200,https://idp-skolverket.dev.eduid.se/EduidSP/2021005208/sso/redirect?SAMLRequest=hZJfT4MwFMW%2FCun7Vqhj02Yswc3EJVPJQB98MYXeSTNosbdM%2FfbC8M980beb3NPfyTm9cxR11fC4daXewksL6Ly3utLIj4uItFZzI1Ah16IG5K7gaXyz4Wzs88YaZwpTES9GBOuU0Uujsa3BpmAPqoD77SYipXMNckp3SrboOocx7k11ALuHbgSalirPTQWuHCMa2uMZTe7SjHirTq206Mk%2FHCWb0QlBwmEMslWyZ131Q5pQ5rPA90Pmn9OeaUEqC4Uj3noVkadZERYyFOICcplDPpuwiQjEbDad7qYsDGUnQ2xhrdEJ7SLS0SYj%2F2zEgixgPAg58x%2BJl3zGv1RaKv38d1f5IEJ%2BnWXJaEj3ABaPyToBWcz7xvnR2J78wd9Y8VU8WfxXM37XPKcnVoNvw2879nqVmEoV715cVeZ1aUE4iEhA6GJ48vtQFh8%3D&RelayState=cookie%3A1711023320_9003,0,0,77388
1711023316551,81419,HTTP Request - fidustest.skolverket-1,Non HTTP response code: java.net.SocketException,Thread Group 1-121,,200,200,https://idp-skolverket.dev.eduid.se/EduidSP/2021005208/sso/redirect?SAMLRequest=hZJfT8IwFMW%2FytJ36NrBwIYtmWAiCerC0AdfTLddpWG0s7dD%2FfZuzD%2F4gm83uae%2Fk3N6Zyj3VS2Sxm31Gl4bQOe97yuN4riISGO1MBIVCi33gMIVIktuVoIPfVFb40xhKuIliGCdMnpuNDZ7sBnYgyrgfr2KyNa5GgWlz6ps0LUOQ9yZ6gB2B%2B0INNuqPDcVuO0Q0dAOz2l6l22It2jVSsuO%2FMtRZT04IZRwGELZqLJjXXVDllLuc%2Bb7Y%2B5Pace0UCoLhSPechGRp0BOpuUI8oIxCAPuByz0w1AGk1FQBOFF3soQG1hqdFK7iLS00cAPBpxtGBdsLFj4SLz0K%2F6l0qXSL%2Be7ynsRiuvNJh306R7A4jFZKyDxrGtcHI3tyR%2Bcx8rv4kn8X834U%2FOMnlj1vrW4bdnLRWoqVXx4SVWZt7kF6SAijNC4f%2FL3UOJP&RelayState=cookie%3A1711023316_1685,0,0,81419
1711023312907,85062,HTTP Request - fidustest.skolverket,Non HTTP response code: java.net.SocketException,Thread Group 1-114,Test failed: code expected to contain /200/,200,200,https://idp-skolverket.dev.eduid.se/EduidSP/2021005208/sso/redirect?SAMLRequest=hZJfT8IwFMW%2FytJ31rVjIg1bgmAiCerC0AdfzOgu0rC1s7dD%2FfZuzD%2F4gm83uae%2Fk3N6J5hXZS2mjdvpFbw2gM57r0qN4riISWO1MDkqFDqvAIWTIpveLgX3A1Fb44w0JfGmiGCdMnpmNDYV2AzsQUl4WC1jsnOuRkHpVhUNutbBx70pD2D30I5As53abEwJbucjGtrhOU3vszXx5q1a6bwj%2F3JUUQ9OCAUcfCgaVXSs627IUsoDzoIg4sEl7ZgWCmVBOuIt5jF5Di64ZBCNolEh%2BXgcBVEYjsYyGoIcsg3btjLEBhYaXa5dTFracBCEA87WjAsWCRY%2BES%2F9in%2BldKH0y%2FmuNr0Ixc16nQ76dI9g8ZisFZBk0jUujsb25A%2FOY%2FPv4knyX834U%2FOEnlj1vrW4a9mLeWpKJT%2B8aVmat5mF3EFMGKFJ%2F%2BTvoSSf&RelayState=cookie%3A1711023313_3e9c,149,0,101
1711023312907,149,HTTP Request - fidustest.skolverket-0,302,Thread Group 1-114,,200,200,https://fidustest.skolverket.se/Shibboleth.sso/Login?target=https://fidustest.skolverket.se/secure&entityID=https://idp-skolverket.dev.eduid.se/2021005208,149,0,101
1711023313057,84912,HTTP Request - fidustest.skolverket-1,Non HTTP response code: java.net.SocketException,Thread Group 1-114,,200,200,https://idp-skolverket.dev.eduid.se/EduidSP/2021005208/sso/redirect?SAMLRequest=hZJfT8IwFMW%2FytJ31rVjIg1bgmAiCerC0AdfzOgu0rC1s7dD%2FfZuzD%2F4gm83uae%2Fk3N6J5hXZS2mjdvpFbw2gM57r0qN4riISWO1MDkqFDqvAIWTIpveLgX3A1Fb44w0JfGmiGCdMnpmNDYV2AzsQUl4WC1jsnOuRkHpVhUNutbBx70pD2D30I5As53abEwJbucjGtrhOU3vszXx5q1a6bwj%2F3JUUQ9OCAUcfCgaVXSs627IUsoDzoIg4sEl7ZgWCmVBOuIt5jF5Di64ZBCNolEh%2BXgcBVEYjsYyGoIcsg3btjLEBhYaXa5dTFracBCEA87WjAsWCRY%2BES%2F9in%2BldKH0y%2FmuNr0Ixc16nQ76dI9g8ZisFZBk0jUujsb25A%2FOY%2FPv4knyX834U%2FOEnlj1vrW4a9mLeWpKJT%2B8aVmat5mF3EFMGKFJ%2F%2BTvoSSf&RelayState=cookie%3A1711023313_3e9c,0,0,84912
1711023272407,125563,HTTP Request - fidustest.skolverket,Non HTTP response code: java.net.SocketException,Thread Group 1-33,Test failed: code expected to contain /200/,200,200,https://idp-skolverket.dev.eduid.se/EduidSP/2021005208/sso/redirect?SAMLRequest=hZJfT8IwFMW%2FytJ31rWAYMNIEEwkQV3Y9MEXs60X17C1s7dD%2FfZuzD%2F4gm83uae%2Fk3N6Z5hWZS0WjSv0Fl4bQOe9V6VGcVyEpLFamBQVCp1WgMLlIl7cbgT3A1Fb40xuSuItEME6ZfTSaGwqsDHYg8rhYbsJSeFcjYLSnZINutbBx70pD2D30I5A40JlmSnBFT6ioR2e0%2Bg%2BToi3atVKpx35l6NkPTghSDj4IBslO9Z1N8QR5QFnQTDmwZR2TAtSWcgd8darkDxLNgVgk%2BGOcQYwmqR5PpSXE5bl4%2FEo2120MsQG1hpdql1IWtpoEAwHnCWMCzYSQ%2F5EvOgr%2FpXSUumX811lvQjFTZJEgz7dI1g8JmsFZD7rGhdHY3vyB%2Bex6XfxZP5fzfhT84yeWPW%2Btbhr2etVZEqVf3iLsjRvSwupg5AwQuf9k7%2BHMv8E&RelayState=cookie%3A1711023272_9c86,197,0,110
1711023272407,197,HTTP Request - fidustest.skolverket-0,302,Thread Group 1-33,,200,200,https://fidustest.skolverket.se/Shibboleth.sso/Login?target=https://fidustest.skolverket.se/secure&entityID=https://idp-skolverket.dev.eduid.se/2021005208,197,0,110
1711023272606,125364,HTTP Request - fidustest.skolverket-1,Non HTTP response code: java.net.SocketException,Thread Group 1-33,,200,200,https://idp-skolverket.dev.eduid.se/EduidSP/2021005208/sso/redirect?SAMLRequest=hZJfT8IwFMW%2FytJ31rWAYMNIEEwkQV3Y9MEXs60X17C1s7dD%2FfZuzD%2F4gm83uae%2Fk3N6Z5hWZS0WjSv0Fl4bQOe9V6VGcVyEpLFamBQVCp1WgMLlIl7cbgT3A1Fb40xuSuItEME6ZfTSaGwqsDHYg8rhYbsJSeFcjYLSnZINutbBx70pD2D30I5A40JlmSnBFT6ioR2e0%2Bg%2BToi3atVKpx35l6NkPTghSDj4IBslO9Z1N8QR5QFnQTDmwZR2TAtSWcgd8darkDxLNgVgk%2BGOcQYwmqR5PpSXE5bl4%2FEo2120MsQG1hpdql1IWtpoEAwHnCWMCzYSQ%2F5EvOgr%2FpXSUumX811lvQjFTZJEgz7dI1g8JmsFZD7rGhdHY3vyB%2Bex6XfxZP5fzfhT84yeWPW%2Btbhr2etVZEqVf3iLsjRvSwupg5AwQuf9k7%2BHMv8E&RelayState=cookie%3A1711023272_9c86,0,0,125364
1711023256437,141540,HTTP Request - fidustest.skolverket,Non HTTP response code: java.net.SocketException,Thread Group 1-1,Test failed: code expected to contain /200/,189,189,https://idp-skolverket.dev.eduid.se/EduidSP/2021005208/sso/redirect?SAMLRequest=hZJLb8IwEIT%2FSuQ7sRMID4sgUahUJNpGhPbQS%2BXES7FI7NTr0PbfNyF90Au9rbTjbzTjnaIoi4rPa7fXG3itAZ33XhYa%2BWkRk9pqbgQq5FqUgNzlPJ3frnnoM15Z40xuCuLNEcE6ZfTCaKxLsCnYo8rhYbOOyd65CjmlOyVrdI2DjwdTHMEeoBmBpnuVZaYAt%2FcRDW3xIU3u0y3xlo1aadGSfzlKVr0zgoSjD7JWsmVdt0Oa0JCFAWNRyMa0ZVqQykLuiLdaxuR5xKJoJHYTmclhNA76MoJMSAbBIO9HYjJsZIg1rDQ6oV1MGtqgx%2Fq9MNgGIQ8GPBg%2BES%2F5in%2BltFT65XJXWSdCfrPdJr0u3SNYPCVrBGQ2bRvnJ2N79geXseK7eDL7r2b8qXlKz6w634rfNezVMjGFyj%2B8eVGYt4UF4SAmAaGz7snfQ5l9Ag%3D%3D&RelayState=cookie%3A1711023256_e372,148,0,100
1711023326908,71061,HTTP Request - fidustest.skolverket,Non HTTP response code: java.net.SocketException,Thread Group 1-142,Test failed: code expected to contain /200/,200,200,https://idp-skolverket.dev.eduid.se/EduidSP/2021005208/sso/redirect?SAMLRequest=hZJfT4MwFMW%2FCun7aClbJs0gmZuJS6YSQR98MQXuXDPWYm%2BZ%2Bu2F4Z%2F5Mt9uck9%2FJ%2Bf0zlDu60bMW7fV9%2FDaAjrvfV9rFMdFTFqrhZGoUGi5BxSuFNn8Zi24z0RjjTOlqYk3RwTrlNELo7Hdg83AHlQJD%2FfrmGyda1BQulFVi65z8HFn6gPYHXQj0GyrisLU4LY%2BoqE9ntP0LsuJt%2BzUSsue%2FMtRVTM6IVRw8KFqVdWzrvohSylnPGBswtkF7ZkWKmWhdMRbLWPyzPiUlWExhWk4lkUYjSGKIh5sJiGrJC9YJ0NsYaXRSe1i0tHGIxaOeJAHXAQTwadPxEu%2F4l8qXSn9cr6rYhChuM7zdDSkewSLx2SdgCSzvnFxNLYnf3AeK7%2BLJ8l%2FNeNPzTN6YjX4NuK2Y6%2BWqalV%2BeHN69q8LSxIBzEJCE2GJ38PJfkE&RelayState=cookie%3A1711023327_6c2d,143,0,90
1711023256437,148,HTTP Request - fidustest.skolverket-0,302,Thread Group 1-1,,189,189,https://fidustest.skolverket.se/Shibboleth.sso/Login?target=https://fidustest.skolverket.se/secure&entityID=https://idp-skolverket.dev.eduid.se/2021005208,148,0,100
1711023326908,143,HTTP Request - fidustest.skolverket-0,302,Thread Group 1-142,,200,200,https://fidustest.skolverket.se/Shibboleth.sso/Login?target=https://fidustest.skolverket.se/secure&entityID=https://idp-skolverket.dev.eduid.se/2021005208,143,0,90
1711023256586,141391,HTTP Request - fidustest.skolverket-1,Non HTTP response code: java.net.SocketException,Thread Group 1-1,,189,189,https://idp-skolverket.dev.eduid.se/EduidSP/2021005208/sso/redirect?SAMLRequest=hZJLb8IwEIT%2FSuQ7sRMID4sgUahUJNpGhPbQS%2BXES7FI7NTr0PbfNyF90Au9rbTjbzTjnaIoi4rPa7fXG3itAZ33XhYa%2BWkRk9pqbgQq5FqUgNzlPJ3frnnoM15Z40xuCuLNEcE6ZfTCaKxLsCnYo8rhYbOOyd65CjmlOyVrdI2DjwdTHMEeoBmBpnuVZaYAt%2FcRDW3xIU3u0y3xlo1aadGSfzlKVr0zgoSjD7JWsmVdt0Oa0JCFAWNRyMa0ZVqQykLuiLdaxuR5xKJoJHYTmclhNA76MoJMSAbBIO9HYjJsZIg1rDQ6oV1MGtqgx%2Fq9MNgGIQ8GPBg%2BES%2F5in%2BltFT65XJXWSdCfrPdJr0u3SNYPCVrBGQ2bRvnJ2N79geXseK7eDL7r2b8qXlKz6w634rfNezVMjGFyj%2B8eVGYt4UF4SAmAaGz7snfQ5l9Ag%3D%3D&RelayState=cookie%3A1711023256_e372,0,0,141391
1711023327052,70917,HTTP Request - fidustest.skolverket-1,Non HTTP response code: java.net.SocketException,Thread Group 1-142,,200,200,https://idp-skolverket.dev.eduid.se/EduidSP/2021005208/sso/redirect?SAMLRequest=hZJfT4MwFMW%2FCun7aClbJs0gmZuJS6YSQR98MQXuXDPWYm%2BZ%2Bu2F4Z%2F5Mt9uck9%2FJ%2Bf0zlDu60bMW7fV9%2FDaAjrvfV9rFMdFTFqrhZGoUGi5BxSuFNn8Zi24z0RjjTOlqYk3RwTrlNELo7Hdg83AHlQJD%2FfrmGyda1BQulFVi65z8HFn6gPYHXQj0GyrisLU4LY%2BoqE9ntP0LsuJt%2BzUSsue%2FMtRVTM6IVRw8KFqVdWzrvohSylnPGBswtkF7ZkWKmWhdMRbLWPyzPiUlWExhWk4lkUYjSGKIh5sJiGrJC9YJ0NsYaXRSe1i0tHGIxaOeJAHXAQTwadPxEu%2F4l8qXSn9cr6rYhChuM7zdDSkewSLx2SdgCSzvnFxNLYnf3AeK7%2BLJ8l%2FNeNPzTN6YjX4NuK2Y6%2BWqalV%2BeHN69q8LSxIBzEJCE2GJ38PJfkE&RelayState=cookie%3A1711023327_6c2d,0,0,70917
1711023308408,89568,HTTP Request - fidustest.skolverket,Non HTTP response code: java.net.SocketException,Thread Group 1-105,Test failed: code expected to contain /200/,182,182,https://idp-skolverket.dev.eduid.se/EduidSP/2021005208/sso/redirect?SAMLRequest=hZJfT8IwFMW%2FytL30W0Mgg1bgmAiCerCpg%2B%2BmK69SsNoZ2%2BH%2Bu3twD%2F4gi%2FNTXr6Oznndop817Rs1rmNXsNrB%2BiC912jkR0uMtJZzQxHhUzzHSBzgpWzmxVLBhFrrXFGmIYEM0SwThk9Nxq7HdgS7F4JuF%2BvMrJxrkVG6bOSHTrvMMCtafZgt%2BBHoOVG1bVpwG0GiIb2%2BIQWd2VFgoVXK8178i9HyTY8IUjYD0B2Svasq34oC5pESRxFoySa0J5pQSoLwpFgucjIU1SLoeSp4OMk9kfKxwLEuJ6kFzxOZcq9DLGDpUbHtcuIp6VhNAyTuIoTFo9YNHkkQfEV%2F1JpqfTL%2Ba7qowjZdVUV4THdA1g8JPMCkk%2F7xtnB2J7s4DyWfxdP8v9qxp%2Bap%2FTE6ujbslvPXi4K0yjxEcyaxrzNLXAHGYkJzY9P%2Fn6U%2FBM%3D&RelayState=cookie%3A1711023308_121b,242,0,110
1711023308408,242,HTTP Request - fidustest.skolverket-0,302,Thread Group 1-105,,182,182,https://fidustest.skolverket.se/Shibboleth.sso/Login?target=https://fidustest.skolverket.se/secure&entityID=https://idp-skolverket.dev.eduid.se/2021005208,242,0,110
1711023308651,89325,HTTP Request - fidustest.skolverket-1,Non HTTP response code: java.net.SocketException,Thread Group 1-105,,182,182,https://idp-skolverket.dev.eduid.se/EduidSP/2021005208/sso/redirect?SAMLRequest=hZJfT8IwFMW%2FytL30W0Mgg1bgmAiCerCpg%2B%2BmK69SsNoZ2%2BH%2Bu3twD%2F4gi%2FNTXr6Oznndop817Rs1rmNXsNrB%2BiC912jkR0uMtJZzQxHhUzzHSBzgpWzmxVLBhFrrXFGmIYEM0SwThk9Nxq7HdgS7F4JuF%2BvMrJxrkVG6bOSHTrvMMCtafZgt%2BBHoOVG1bVpwG0GiIb2%2BIQWd2VFgoVXK8178i9HyTY8IUjYD0B2Svasq34oC5pESRxFoySa0J5pQSoLwpFgucjIU1SLoeSp4OMk9kfKxwLEuJ6kFzxOZcq9DLGDpUbHtcuIp6VhNAyTuIoTFo9YNHkkQfEV%2F1JpqfTL%2Ba7qowjZdVUV4THdA1g8JPMCkk%2F7xtnB2J7s4DyWfxdP8v9qxp%2Bap%2FTE6ujbslvPXi4K0yjxEcyaxrzNLXAHGYkJzY9P%2Fn6U%2FBM%3D&RelayState=cookie%3A1711023308_121b,0,0,89325
1711023273408,124571,HTTP Request - fidustest.skolverket,Non HTTP response code: java.net.SocketException,Thread Group 1-35,Test failed: code expected to contain /200/,180,180,https://idp-skolverket.dev.eduid.se/EduidSP/2021005208/sso/redirect?SAMLRequest=hZJLb8IwEIT%2FSuQ7ceIAKRZBolCpSH1EhPbQS2XipbFI7NTr0PbfNyF90Au9rbTjbzTjnaKoyprPG1foNbw2gM57r0qN%2FLhISGM1NwIVci0qQO5yns1vbzjzA15b40xuSuLNEcE6ZfTCaGwqsBnYg8rhYX2TkMK5GjmlOyUbdK2Dj3tTHsDuoR2BZoXabk0JrvARDe3wjKb32YZ4y1attOjIvxwl68EJQcLBB9ko2bGuuiFLKQtYGAQjFlzQjmlBKgu5I95qmZBnFk2kGE9YDLCLx5EcT0CEMRO7URAMY9i1MsQGVhqd0C4hLW04CKIBCzch4%2BGQR9ET8dKv%2BJdKS6Vfzne17UXIrzebdNCnewSLx2StgMymXeP8aGxP%2FuA8VnwXT2b%2F1Yw%2FNU%2FpiVXvW%2FO7lr1apqZU%2BYc3L0vztrAgHCQkJHTWP%2Fl7KLNP&RelayState=cookie%3A1711023273_2378,132,0,86
1711023273408,132,HTTP Request - fidustest.skolverket-0,302,Thread Group 1-35,,180,180,https://fidustest.skolverket.se/Shibboleth.sso/Login?target=https://fidustest.skolverket.se/secure&entityID=https://idp-skolverket.dev.eduid.se/2021005208,132,0,86
1711023273541,124438,HTTP Request - fidustest.skolverket-1,Non HTTP response code: java.net.SocketException,Thread Group 1-35,,180,180,https://idp-skolverket.dev.eduid.se/EduidSP/2021005208/sso/redirect?SAMLRequest=hZJLb8IwEIT%2FSuQ7ceIAKRZBolCpSH1EhPbQS2XipbFI7NTr0PbfNyF90Au9rbTjbzTjnaKoyprPG1foNbw2gM57r0qN%2FLhISGM1NwIVci0qQO5yns1vbzjzA15b40xuSuLNEcE6ZfTCaGwqsBnYg8rhYX2TkMK5GjmlOyUbdK2Dj3tTHsDuoR2BZoXabk0JrvARDe3wjKb32YZ4y1attOjIvxwl68EJQcLBB9ko2bGuuiFLKQtYGAQjFlzQjmlBKgu5I95qmZBnFk2kGE9YDLCLx5EcT0CEMRO7URAMY9i1MsQGVhqd0C4hLW04CKIBCzch4%2BGQR9ET8dKv%2BJdKS6Vfzne17UXIrzebdNCnewSLx2StgMymXeP8aGxP%2FuA8VnwXT2b%2F1Yw%2FNU%2FpiVXvW%2FO7lr1apqZU%2BYc3L0vztrAgHCQkJHTWP%2Fl7KLNP&RelayState=cookie%3A1711023273_2378,0,0,124438
1711023293905,104075,HTTP Request - fidustest.skolverket,Non HTTP response code: java.net.SocketException,Thread Group 1-76,Test failed: code expected to contain /200/,179,179,https://idp-skolverket.dev.eduid.se/EduidSP/2021005208/sso/redirect?SAMLRequest=hZJfT8IwFMW%2FytJ31nVsOhpGgmAiCerCpg%2B%2BmLJepGFrZ2%2BH%2Bu3dwD%2F4gm83uae%2Fk3N6xyjqquHT1m31Cl5bQOe915VGflikpLWaG4EKuRY1IHclz6e3Sx76AW%2BscaY0FfGmiGCdMnpmNLY12BzsXpXwsFqmZOtcg5zSjZItus7Bx52p9mB30I1A861ar00FbusjGtrjQ5rd5wXx5p1aadGTfzlKNoMTgoS9D7JVsmdd90Oe0TAIWRDEYZDQnmlBKgulI95inpJnNlrD5nIYjlgUb2LJ4ouERVLEiYg3SRkEnQyxhYVGJ7RLSUeLBsFwELKChZxFPI6eiJd9xb9SWir9cr6r9VGE%2FKYossEx3SNYPCTrBGQy7hvnB2N78gfnseK7eDL5r2b8qXlMT6yOvg2%2F69iLeWYqVX5406oybzMLwkFKGKGT45O%2FhzL5BA%3D%3D&RelayState=cookie%3A1711023294_4c91,157,0,106
1711023293905,157,HTTP Request - fidustest.skolverket-0,302,Thread Group 1-76,,179,179,https://fidustest.skolverket.se/Shibboleth.sso/Login?target=https://fidustest.skolverket.se/secure&entityID=https://idp-skolverket.dev.eduid.se/2021005208,157,0,106
1711023294063,103917,HTTP Request - fidustest.skolverket-1,Non HTTP response code: java.net.SocketException,Thread Group 1-76,,179,179,https://idp-skolverket.dev.eduid.se/EduidSP/2021005208/sso/redirect?SAMLRequest=hZJfT8IwFMW%2FytJ31nVsOhpGgmAiCerCpg%2B%2BmLJepGFrZ2%2BH%2Bu3dwD%2F4gm83uae%2Fk3N6xyjqquHT1m31Cl5bQOe915VGflikpLWaG4EKuRY1IHclz6e3Sx76AW%2BscaY0FfGmiGCdMnpmNLY12BzsXpXwsFqmZOtcg5zSjZItus7Bx52p9mB30I1A861ar00FbusjGtrjQ5rd5wXx5p1aadGTfzlKNoMTgoS9D7JVsmdd90Oe0TAIWRDEYZDQnmlBKgulI95inpJnNlrD5nIYjlgUb2LJ4ouERVLEiYg3SRkEnQyxhYVGJ7RLSUeLBsFwELKChZxFPI6eiJd9xb9SWir9cr6r9VGE%2FKYossEx3SNYPCTrBGQy7hvnB2N78gfnseK7eDL5r2b8qXlMT6yOvg2%2F69iLeWYqVX5406oybzMLwkFKGKGT45O%2FhzL5BA%3D%3D&RelayState=cookie%3A1711023294_4c91,0,0,103917
1711023355908,42067,HTTP Request - fidustest.skolverket,Non HTTP response code: java.net.SocketException,Thread Group 1-200,Test failed: code expected to contain /200/,178,178,https://idp-skolverket.dev.eduid.se/EduidSP/2021005208/sso/redirect?SAMLRequest=hZJfT8IwFMW%2FytJ36DYoaMNIJphIgrow9MEXs613rqG0s7dD%2FfZuzD%2F4gm83uae%2Fk3N6Z5jtVc3jxlV6A68NoPPe90ojPy4i0ljNTYYSuc72gNwVPI1v1zwc%2Bry2xpnCKOLFiGCdNHphNDZ7sCnYgyzgYbOOSOVcjZzSUooGXeswxJ1RB7A7aEegaSXz3Chw1RDR0A4f0uQ%2B3RJv2aqlzjryL0eKenBCEHAYgmik6FjX3ZAmNPTDwPdZ6F%2FQjmlBSAuFI95qGZFnAePiMghyf8qYPxElm7ILUYrRpBCsHMOklSE2sNLoMu0i0tLGA380CINtEPKAcTZ5Il7yFf9KaiH1y%2Fmu8l6E%2FGa7TQZ9ukeweEzWCsh81jXOj8b25A%2FOY7Pv4sn8v5rxp%2BYZPbHqfWt%2B17JXy8QoWXx4sVLmbWEhcxCRgNB5%2F%2BTvocw%2FAQ%3D%3D&RelayState=cookie%3A1711023356_d6f9,152,0,107
1711023355908,152,HTTP Request - fidustest.skolverket-0,302,Thread Group 1-200,,178,178,https://fidustest.skolverket.se/Shibboleth.sso/Login?target=https://fidustest.skolverket.se/secure&entityID=https://idp-skolverket.dev.eduid.se/2021005208,152,0,107
1711023297907,100073,HTTP Request - fidustest.skolverket,Non HTTP response code: java.net.SocketException,Thread Group 1-84,Test failed: code expected to contain /200/,178,178,https://idp-skolverket.dev.eduid.se/EduidSP/2021005208/sso/redirect?SAMLRequest=hZJfT4MwFMW%2FCun71tJB3JqxBDcTl0wlgj74YoDeuWbQYm%2BZ%2Bu2F4Z%2F5Mt9uck9%2FJ%2Bf0zjGvq0bErdvpe3htAZ33XlcaxXERkdZqYXJUKHReAwpXijS%2B2Qg%2BZqKxxpnSVMSLEcE6ZfTSaGxrsCnYgyrh4X4TkZ1zDQpKt0q26DqHMe5NdQC7h24Emu5UUZgK3G6MaGiP5zS5SzPirTq10nlP%2FuUo2YxOCBIOY5Ctkj3rqh%2FShHLGfcZCzqa0Z1qQykLpiLdeReR5NgtmUjLpByH3twGEbBrkE3axLWDK2RY6GWILa40u1y4iHS0YscmI%2B5nPhR%2BIcPpEvOQr%2FqXSUumX810VgwjFdZYloyHdI1g8JusEZDHvGxdHY3vyB%2Bex%2BXfxZPFfzfhT85yeWA2%2Bjbjt2OtVYipVfnhxVZm3pYXcQUR8QhfDk7%2BHsvgE&RelayState=cookie%3A1711023298_9da8,252,0,196
1711023297907,252,HTTP Request - fidustest.skolverket-0,302,Thread Group 1-84,,178,178,https://fidustest.skolverket.se/Shibboleth.sso/Login?target=https://fidustest.skolverket.se/secure&entityID=https://idp-skolverket.dev.eduid.se/2021005208,252,0,196
1711023356061,41914,HTTP Request - fidustest.skolverket-1,Non HTTP response code: java.net.SocketException,Thread Group 1-200,,178,178,https://idp-skolverket.dev.eduid.se/EduidSP/2021005208/sso/redirect?SAMLRequest=hZJfT8IwFMW%2FytJ36DYoaMNIJphIgrow9MEXs613rqG0s7dD%2FfZuzD%2F4gm83uae%2Fk3N6Z5jtVc3jxlV6A68NoPPe90ojPy4i0ljNTYYSuc72gNwVPI1v1zwc%2Bry2xpnCKOLFiGCdNHphNDZ7sCnYgyzgYbOOSOVcjZzSUooGXeswxJ1RB7A7aEegaSXz3Chw1RDR0A4f0uQ%2B3RJv2aqlzjryL0eKenBCEHAYgmik6FjX3ZAmNPTDwPdZ6F%2FQjmlBSAuFI95qGZFnAePiMghyf8qYPxElm7ILUYrRpBCsHMOklSE2sNLoMu0i0tLGA380CINtEPKAcTZ5Il7yFf9KaiH1y%2Fmu8l6E%2FGa7TQZ9ukeweEzWCsh81jXOj8b25A%2FOY7Pv4sn8v5rxp%2BYZPbHqfWt%2B17JXy8QoWXx4sVLmbWEhcxCRgNB5%2F%2BTvocw%2FAQ%3D%3D&RelayState=cookie%3A1711023356_d6f9,0,0,41914
1711023298160,99820,HTTP Request - fidustest.skolverket-1,Non HTTP response code: java.net.SocketException,Thread Group 1-84,,178,178,https://idp-skolverket.dev.eduid.se/EduidSP/2021005208/sso/redirect?SAMLRequest=hZJfT4MwFMW%2FCun71tJB3JqxBDcTl0wlgj74YoDeuWbQYm%2BZ%2Bu2F4Z%2F5Mt9uck9%2FJ%2Bf0zjGvq0bErdvpe3htAZ33XlcaxXERkdZqYXJUKHReAwpXijS%2B2Qg%2BZqKxxpnSVMSLEcE6ZfTSaGxrsCnYgyrh4X4TkZ1zDQpKt0q26DqHMe5NdQC7h24Emu5UUZgK3G6MaGiP5zS5SzPirTq10nlP%2FuUo2YxOCBIOY5Ctkj3rqh%2FShHLGfcZCzqa0Z1qQykLpiLdeReR5NgtmUjLpByH3twGEbBrkE3axLWDK2RY6GWILa40u1y4iHS0YscmI%2B5nPhR%2BIcPpEvOQr%2FqXSUumX810VgwjFdZYloyHdI1g8JusEZDHvGxdHY3vyB%2Bex%2BXfxZPFfzfhT85yeWA2%2Bjbjt2OtVYipVfnhxVZm3pYXcQUR8QhfDk7%2BHsvgE&RelayState=cookie%3A1711023298_9da8,0,0,99820
1711023310405,87573,HTTP Request - fidustest.skolverket,Non HTTP response code: java.net.SocketException,Thread Group 1-109,Test failed: code expected to contain /200/,176,176,https://idp-skolverket.dev.eduid.se/EduidSP/2021005208/sso/redirect?SAMLRequest=hZJLT8MwEIT%2FSuR768ShD6wmUmiRqFQgagIHLiixt9RqagevU%2BDfkzQ8yqXcVtrxN5rxzrDYVzVPGrfVa3htAJ33vq808uMiIo3V3BSokOtiD8id4Flyu%2BJs6PPaGmeEqYiXIIJ1yui50djswWZgD0rAw3oVka1zNXJKN0o26FqHIe5MdQC7g3YEmm1VWZoK3HaIaGiHZzS9z3LiLVq10kVH%2FuUoWQ9OCBIOQ5CNkh3ruhuylDKfBb4%2FYv6UdkwLUlkQjnjLRUSeJ1LAONjIqQTGJhtRAguD8UaErAyncHnZyhAbWGp0hXYRaWkXAz8csCAPGA9GPPCfiJd%2Bxb9SWir9cr6rshchv8nzdNCnewSLx2StgMSzrnF%2BNLYnf3AeW3wXT%2BL%2Fasafmmf0xKr3rfldy14uUlMp8eElVWXe5hYKBxEJCI37J38PJf4E&RelayState=cookie%3A1711023310_2938,144,0,92
1711023349406,48570,HTTP Request - fidustest.skolverket,Non HTTP response code: java.net.SocketException,Thread Group 1-187,Test failed: code expected to contain /200/,176,176,https://idp-skolverket.dev.eduid.se/EduidSP/2021005208/sso/redirect?SAMLRequest=hZJfT4MwFMW%2FCuk7FBCUNYMENxOXTCVj%2BuCLAXpxzaDF3jL12wvDP%2FNF325yT38n5%2FTOsWibjqW92ckNvPSAxnprG4nsuIhJryVTBQpksmgBmalYnt6sme%2B4rNPKqEo1xEoRQRuh5EJJ7FvQOeiDqOB%2Bs47JzpgOGaW14D2awcHBvWoOoPcwjEDznShL1YDZOYiKjnifZnf5lljLQS1kMZJ%2FOIJ39gmBw8EB3gs%2Bsq7GIc%2Bo7%2Fqe64a%2BG9GRqYELDZUh1moZkyd%2BHkVBDXVZBhUE3Ctrv6pmEIVRzflFOBtkiD2sJJpCmpgMtMB2z2zf23o%2B80IWzB6JlX3GvxSSC%2Fn8d1flJEJ2vd1m9pTuATQekw0CkszHxtnRWJ%2F8wd%2FY4qt4kvxXM37XPKcnVpNvx24H9mqZqUZU71baNOp1oaEwEBOP0GR68vtQkg8%3D&RelayState=cookie%3A1711023349_528c,158,0,102
1711023349406,158,HTTP Request - fidustest.skolverket-0,302,Thread Group 1-187,,176,176,https://fidustest.skolverket.se/Shibboleth.sso/Login?target=https://fidustest.skolverket.se/secure&entityID=https://idp-skolverket.dev.eduid.se/2021005208,158,0,102
1711023310405,144,HTTP Request - fidustest.skolverket-0,302,Thread Group 1-109,,176,176,https://fidustest.skolverket.se/Shibboleth.sso/Login?target=https://fidustest.skolverket.se/secure&entityID=https://idp-skolverket.dev.eduid.se/2021005208,144,0,92
1711023349565,48411,HTTP Request - fidustest.skolverket-1,Non HTTP response code: java.net.SocketException,Thread Group 1-187,,176,176,https://idp-skolverket.dev.eduid.se/EduidSP/2021005208/sso/redirect?SAMLRequest=hZJfT4MwFMW%2FCuk7FBCUNYMENxOXTCVj%2BuCLAXpxzaDF3jL12wvDP%2FNF325yT38n5%2FTOsWibjqW92ckNvPSAxnprG4nsuIhJryVTBQpksmgBmalYnt6sme%2B4rNPKqEo1xEoRQRuh5EJJ7FvQOeiDqOB%2Bs47JzpgOGaW14D2awcHBvWoOoPcwjEDznShL1YDZOYiKjnifZnf5lljLQS1kMZJ%2FOIJ39gmBw8EB3gs%2Bsq7GIc%2Bo7%2Fqe64a%2BG9GRqYELDZUh1moZkyd%2BHkVBDXVZBhUE3Ctrv6pmEIVRzflFOBtkiD2sJJpCmpgMtMB2z2zf23o%2B80IWzB6JlX3GvxSSC%2Fn8d1flJEJ2vd1m9pTuATQekw0CkszHxtnRWJ%2F8wd%2FY4qt4kvxXM37XPKcnVpNvx24H9mqZqUZU71baNOp1oaEwEBOP0GR68vtQkg8%3D&RelayState=cookie%3A1711023349_528c,0,0,48411
1711023310549,87429,HTTP Request - fidustest.skolverket-1,Non HTTP response code: java.net.SocketException,Thread Group 1-109,,176,176,https://idp-skolverket.dev.eduid.se/EduidSP/2021005208/sso/redirect?SAMLRequest=hZJLT8MwEIT%2FSuR768ShD6wmUmiRqFQgagIHLiixt9RqagevU%2BDfkzQ8yqXcVtrxN5rxzrDYVzVPGrfVa3htAJ33vq808uMiIo3V3BSokOtiD8id4Flyu%2BJs6PPaGmeEqYiXIIJ1yui50djswWZgD0rAw3oVka1zNXJKN0o26FqHIe5MdQC7g3YEmm1VWZoK3HaIaGiHZzS9z3LiLVq10kVH%2FuUoWQ9OCBIOQ5CNkh3ruhuylDKfBb4%2FYv6UdkwLUlkQjnjLRUSeJ1LAONjIqQTGJhtRAguD8UaErAyncHnZyhAbWGp0hXYRaWkXAz8csCAPGA9GPPCfiJd%2Bxb9SWir9cr6rshchv8nzdNCnewSLx2StgMSzrnF%2BNLYnf3AeW3wXT%2BL%2Fasafmmf0xKr3rfldy14uUlMp8eElVWXe5hYKBxEJCI37J38PJf4E&RelayState=cookie%3A1711023310_2938,0,0,87429
1711023279911,118070,HTTP Request - fidustest.skolverket,Non HTTP response code: java.net.SocketException,Thread Group 1-48,Test failed: code expected to contain /200/,175,175,https://idp-skolverket.dev.eduid.se/EduidSP/2021005208/sso/redirect?SAMLRequest=hZLdT8IwFMX%2FlaXv0K4biA1bMsFEEtSFoQ%2B%2BmH3cSUNpZ2%2BH%2Bt%2B7gR%2F4gm83uae%2Fk3N6p5jvVCOS1m30Cl5bQOe975RGcVhEpLVamBwlCp3vAIUrRZbcLgUfMtFY40xpFPESRLBOGj0zGtsd2AzsXpbwsFpGZONcg4LSWlYtus5hiFuj9mC30I1As40sCqPAbYaIhvZ4TtP7bE28eaeWOu%2FJvxxZNYMTQgX7IVStrHrWdT9kKeWM%2B4yNOJvQnmmhkhZKR7zFPCLP46DkEF5M%2BKT26%2FFoHEx8qFk4Di4LflHkVSdDbGGh0eXaRaSjhQMWDLi%2F9rnwQxGyJ%2BKlX%2FGvpK6kfjnfVXEUobhZr9PBMd0jWDwk6wQknvaNi4OxPfmD89j8u3gS%2F1cz%2FtQ8pSdWR99G3HXsxTw1SpYfXqKUeZtZyB1ExCc0Pj75eyjxJw%3D%3D&RelayState=cookie%3A1711023280_352c,171,0,128
1711023279911,171,HTTP Request - fidustest.skolverket-0,302,Thread Group 1-48,,175,175,https://fidustest.skolverket.se/Shibboleth.sso/Login?target=https://fidustest.skolverket.se/secure&entityID=https://idp-skolverket.dev.eduid.se/2021005208,171,0,128
1711023343907,54070,HTTP Request - fidustest.skolverket,Non HTTP response code: java.net.SocketException,Thread Group 1-176,Test failed: code expected to contain /200/,175,175,https://idp-skolverket.dev.eduid.se/EduidSP/2021005208/sso/redirect?SAMLRequest=hZJfT4MwFMW%2FCun7KHQsY80gmZuJS6aSgT74YoBeXDPWYm%2BZ%2Bu2F4Z%2F5Mt9uck9%2FJ%2Bf0zjE%2F1A1ftHantvDaAlrn%2FVAr5KdFRFqjuM5RIlf5AZDbkqeL2w1nrscbo60udU2cBSIYK7VaaoXtAUwK5ihLeNhuIrKztkFOaSVFi7ZzcHGv6yOYPXQj0HQni0LXYHcuoqY9ntHkPs2Is%2BrUUuU9%2BZcjRTM6Iwg4uiBaKXrWdT%2BkCWUe8z1vwryQ9kwDQhooLXHWq4g8VxPhh9MKRFCwsPSDEMRsNg2qceWF00AUnQyxhbVCmysbkY4WjLzxiPmZz7g%2F4cHkiTjJV%2FwrqYRUL5e7KgYR8pssS0ZDukcweErWCUg87xvnJ2Nz9geXsfl38ST%2Br2b8qXlOz6wG34bfdez1KtG1LD%2BcRV3rt6WB3EJEfELj4cnfQ4k%2FAQ%3D%3D&RelayState=cookie%3A1711023345_62fe,1151,0,1114
1711023343907,1151,HTTP Request - fidustest.skolverket-0,302,Thread Group 1-176,,175,175,https://fidustest.skolverket.se/Shibboleth.sso/Login?target=https://fidustest.skolverket.se/secure&entityID=https://idp-skolverket.dev.eduid.se/2021005208,1151,0,1114
1711023280083,117898,HTTP Request - fidustest.skolverket-1,Non HTTP response code: java.net.SocketException,Thread Group 1-48,,175,175,https://idp-skolverket.dev.eduid.se/EduidSP/2021005208/sso/redirect?SAMLRequest=hZLdT8IwFMX%2FlaXv0K4biA1bMsFEEtSFoQ%2B%2BmH3cSUNpZ2%2BH%2Bt%2B7gR%2F4gm83uae%2Fk3N6p5jvVCOS1m30Cl5bQOe975RGcVhEpLVamBwlCp3vAIUrRZbcLgUfMtFY40xpFPESRLBOGj0zGtsd2AzsXpbwsFpGZONcg4LSWlYtus5hiFuj9mC30I1As40sCqPAbYaIhvZ4TtP7bE28eaeWOu%2FJvxxZNYMTQgX7IVStrHrWdT9kKeWM%2B4yNOJvQnmmhkhZKR7zFPCLP46DkEF5M%2BKT26%2FFoHEx8qFk4Di4LflHkVSdDbGGh0eXaRaSjhQMWDLi%2F9rnwQxGyJ%2BKlX%2FGvpK6kfjnfVXEUobhZr9PBMd0jWDwk6wQknvaNi4OxPfmD89j8u3gS%2F1cz%2FtQ8pSdWR99G3HXsxTw1SpYfXqKUeZtZyB1ExCc0Pj75eyjxJw%3D%3D&RelayState=cookie%3A1711023280_352c,0,0,117898
1711023345058,52919,HTTP Request - fidustest.skolverket-1,Non HTTP response code: java.net.SocketException,Thread Group 1-176,,175,175,https://idp-skolverket.dev.eduid.se/EduidSP/2021005208/sso/redirect?SAMLRequest=hZJfT4MwFMW%2FCun7KHQsY80gmZuJS6aSgT74YoBeXDPWYm%2BZ%2Bu2F4Z%2F5Mt9uck9%2FJ%2Bf0zjE%2F1A1ftHantvDaAlrn%2FVAr5KdFRFqjuM5RIlf5AZDbkqeL2w1nrscbo60udU2cBSIYK7VaaoXtAUwK5ihLeNhuIrKztkFOaSVFi7ZzcHGv6yOYPXQj0HQni0LXYHcuoqY9ntHkPs2Is%2BrUUuU9%2BZcjRTM6Iwg4uiBaKXrWdT%2BkCWUe8z1vwryQ9kwDQhooLXHWq4g8VxPhh9MKRFCwsPSDEMRsNg2qceWF00AUnQyxhbVCmysbkY4WjLzxiPmZz7g%2F4cHkiTjJV%2FwrqYRUL5e7KgYR8pssS0ZDukcweErWCUg87xvnJ2Nz9geXsfl38ST%2Br2b8qXlOz6wG34bfdez1KtG1LD%2BcRV3rt6WB3EJEfELj4cnfQ4k%2FAQ%3D%3D&RelayState=cookie%3A1711023345_62fe,0,0,52919
1711023312407,85572,HTTP Request - fidustest.skolverket,Non HTTP response code: java.net.SocketException,Thread Group 1-113,Test failed: code expected to contain /200/,173,173,https://idp-skolverket.dev.eduid.se/EduidSP/2021005208/sso/redirect?SAMLRequest=hZJLb8IwEIT%2FSuR74tgQoBaJRKFSkfqISNpDL5VJlmIR7NTr0PbfNyF90Au9rbTjbzTjnaLcV7WYNW6rV%2FDaADrvfV9pFMdFTBqrhZGoUGi5BxSuENns9kbwIBS1Nc4UpiLeDBGsU0bPjcZmDzYDe1AFPKxuYrJ1rkZB6UaVDbrWIcCdqQ5gd9COQLOtWq9NBW4bIBra4TlN77OceItWrbTsyL8cVdb%2BCaGEQwBlo8qOddUNWUp5yFkYRjyc0I5poVQWCke85SImz%2BFQDqJoNArHmzIaXkwYgzEbDsbRhDMuN1ErQ2xgqdFJ7WLS0oZ%2BOPA5yxkXLBKMPxEv%2FYp%2FqXSp9Mv5rta9CMV1nqd%2Bn%2B4RLB6TtQKSTLvGxdHYnvzBeaz8Lp4k%2F9WMPzVP6YlV71uLu5a9XKSmUsWHN6sq8za3IB3EhBGa9E%2F%2BHkryCQ%3D%3D&RelayState=cookie%3A1711023312_a8aa,124,0,85
1711023312407,124,HTTP Request - fidustest.skolverket-0,302,Thread Group 1-113,,173,173,https://fidustest.skolverket.se/Shibboleth.sso/Login?target=https://fidustest.skolverket.se/secure&entityID=https://idp-skolverket.dev.eduid.se/2021005208,124,0,85
1711023312531,85448,HTTP Request - fidustest.skolverket-1,Non HTTP response code: java.net.SocketException,Thread Group 1-113,,173,173,https://idp-skolverket.dev.eduid.se/EduidSP/2021005208/sso/redirect?SAMLRequest=hZJLb8IwEIT%2FSuR74tgQoBaJRKFSkfqISNpDL5VJlmIR7NTr0PbfNyF90Au9rbTjbzTjnaLcV7WYNW6rV%2FDaADrvfV9pFMdFTBqrhZGoUGi5BxSuENns9kbwIBS1Nc4UpiLeDBGsU0bPjcZmDzYDe1AFPKxuYrJ1rkZB6UaVDbrWIcCdqQ5gd9COQLOtWq9NBW4bIBra4TlN77OceItWrbTsyL8cVdb%2BCaGEQwBlo8qOddUNWUp5yFkYRjyc0I5poVQWCke85SImz%2BFQDqJoNArHmzIaXkwYgzEbDsbRhDMuN1ErQ2xgqdFJ7WLS0oZ%2BOPA5yxkXLBKMPxEv%2FYp%2FqXSp9Mv5rta9CMV1nqd%2Bn%2B4RLB6TtQKSTLvGxdHYnvzBeaz8Lp4k%2F9WMPzVP6YlV71uLu5a9XKSmUsWHN6sq8za3IB3EhBGa9E%2F%2BHkryCQ%3D%3D&RelayState=cookie%3A1711023312_a8aa,0,0,85448
1711023314405,83574,HTTP Request - fidustest.skolverket,Non HTTP response code: java.net.SocketException,Thread Group 1-117,Test failed: code expected to contain /200/,175,175,https://idp-skolverket.dev.eduid.se/EduidSP/2021005208/sso/redirect?SAMLRequest=hZJfT4MwFMW%2FCun7KNSxaTOW4GbikqlkoA%2B%2BmELvpBm02Fumfnth88980beb3NPfyTm9MxRN3fKkc5XewEsH6Ly3ptbID4uYdFZzI1Ah16IB5K7kWXKz5swPeGuNM6WpiZcggnXK6IXR2DVgM7B7VcL9Zh2TyrkWOaVbJTt0vYOPO1Pvwe6gH4FmlSoKU4OrfERDBzyj6V2WE2%2FZq5UWA%2FmHo2Q7OiFI2PsgOyUH1tUwZCllAQuDIGLBOR2YFqSyUDrirZYxeZIChJxuoyKCSSHEVE5luGXBmIkLKEU46WWIHaw0OqFdTHraeBScjViYh4yHEQ%2FHj8RLP%2BNfKi2Vfv67q%2BIoQn6d5%2BnomO4BLB6S9QIynw2N84OxPfmDv7Hiq3gy%2F69m%2FK55Rk%2Bsjr4tv%2B3Zq2VqalW%2Be0ldm9eFBeEgJiGh8%2BOT34cy%2FwA%3D&RelayState=cookie%3A1711023314_09a5,238,0,157
1711023314405,238,HTTP Request - fidustest.skolverket-0,302,Thread Group 1-117,,175,175,https://fidustest.skolverket.se/Shibboleth.sso/Login?target=https://fidustest.skolverket.se/secure&entityID=https://idp-skolverket.dev.eduid.se/2021005208,238,0,157
1711023314644,83335,HTTP Request - fidustest.skolverket-1,Non HTTP response code: java.net.SocketException,Thread Group 1-117,,175,175,https://idp-skolverket.dev.eduid.se/EduidSP/2021005208/sso/redirect?SAMLRequest=hZJfT4MwFMW%2FCun7KNSxaTOW4GbikqlkoA%2B%2BmELvpBm02Fumfnth88980beb3NPfyTm9MxRN3fKkc5XewEsH6Ly3ptbID4uYdFZzI1Ah16IB5K7kWXKz5swPeGuNM6WpiZcggnXK6IXR2DVgM7B7VcL9Zh2TyrkWOaVbJTt0vYOPO1Pvwe6gH4FmlSoKU4OrfERDBzyj6V2WE2%2FZq5UWA%2FmHo2Q7OiFI2PsgOyUH1tUwZCllAQuDIGLBOR2YFqSyUDrirZYxeZIChJxuoyKCSSHEVE5luGXBmIkLKEU46WWIHaw0OqFdTHraeBScjViYh4yHEQ%2FHj8RLP%2BNfKi2Vfv67q%2BIoQn6d5%2BnomO4BLB6S9QIynw2N84OxPfmDv7Hiq3gy%2F69m%2FK55Rk%2Bsjr4tv%2B3Zq2VqalW%2Be0ldm9eFBeEgJiGh8%2BOT34cy%2FwA%3D&RelayState=cookie%3A1711023314_09a5,0,0,83335
1711023302908,95074,HTTP Request - fidustest.skolverket,Non HTTP response code: java.net.SocketException,Thread Group 1-94,Test failed: code expected to contain /200/,173,173,https://idp-skolverket.dev.eduid.se/EduidSP/2021005208/sso/redirect?SAMLRequest=hZJLT8MwEIT%2FSuR760fSB1ZTKbRIVCoQNYUDF%2BQkC7Wa2sHrFPj3JC2Pcim3lXb8jWa8E1S7qpZJ4zdmBa8NoA%2Fed5VBeVjEpHFGWoUapVE7QOkLmSU3Syn6TNbOelvYigQJIjivrZlZg80OXAZurwu4Xy1jsvG%2BRknpsy4b9K1DH7e22oPbQjsCzTY6z20FftNHtLTDC5reZWsSzFu1Nqoj%2F3J0WfdOCCXs%2B1A2uuxYV92QpVQwwRkbCDamHdNBqR0UngSLeUyehvmAR2EU5koJdsFCrjjPw3I0HHARjYejVobYwMKgV8bHpKVFPRb2BF9zIflAsvCRBOlX%2FEttSm1ezneVH0Uor9frtHdM9wAOD8laAZlOusblwdid%2FMF5rPounkz%2Fqxl%2Fap7QE6ujby1vW%2FZintpKFx9BUlX2beZAeYgJJ3R6fPL3UKaf&RelayState=cookie%3A1711023303_87b4,232,0,172
1711023302908,232,HTTP Request - fidustest.skolverket-0,302,Thread Group 1-94,,173,173,https://fidustest.skolverket.se/Shibboleth.sso/Login?target=https://fidustest.skolverket.se/secure&entityID=https://idp-skolverket.dev.eduid.se/2021005208,232,0,172
1711023303141,94841,HTTP Request - fidustest.skolverket-1,Non HTTP response code: java.net.SocketException,Thread Group 1-94,,173,173,https://idp-skolverket.dev.eduid.se/EduidSP/2021005208/sso/redirect?SAMLRequest=hZJLT8MwEIT%2FSuR760fSB1ZTKbRIVCoQNYUDF%2BQkC7Wa2sHrFPj3JC2Pcim3lXb8jWa8E1S7qpZJ4zdmBa8NoA%2Fed5VBeVjEpHFGWoUapVE7QOkLmSU3Syn6TNbOelvYigQJIjivrZlZg80OXAZurwu4Xy1jsvG%2BRknpsy4b9K1DH7e22oPbQjsCzTY6z20FftNHtLTDC5reZWsSzFu1Nqoj%2F3J0WfdOCCXs%2B1A2uuxYV92QpVQwwRkbCDamHdNBqR0UngSLeUyehvmAR2EU5koJdsFCrjjPw3I0HHARjYejVobYwMKgV8bHpKVFPRb2BF9zIflAsvCRBOlX%2FEttSm1ezneVH0Uor9frtHdM9wAOD8laAZlOusblwdid%2FMF5rPounkz%2Fqxl%2Fap7QE6ujby1vW%2FZintpKFx9BUlX2beZAeYgJJ3R6fPL3UKaf&RelayState=cookie%3A1711023303_87b4,0,0,94841
1711023299908,98075,HTTP Request - fidustest.skolverket,Non HTTP response code: java.net.SocketException,Thread Group 1-88,Test failed: code expected to contain /200/,168,168,https://idp-skolverket.dev.eduid.se/EduidSP/2021005208/sso/redirect?SAMLRequest=hZJfT4MwFMW%2FCun71sIcm80gwc3EJVPJQB98MUDvpBm02Fumfnth%2BGe%2BzLeb3NPfyTm9C8zqquFRa0u1hdcW0DrvdaWQHxcBaY3iOkOJXGU1ILcFT6LbDffGjDdGW13oijgRIhgrtVpqhW0NJgFzkAU8bDcBKa1tkFO6k6JF2zmMca%2BrA5g9dCPQpJR5riuw5RhR0x7v0fg%2BSYmz6tRSZT35lyNFMzohCDiMQbRS9Kzrfkhi6jHPZWzqsTntmQaENFBY4qxXAXkWAljBvMs8Z37GdsXMn%2BzEBMSM%2BeC7c%2BhkiC2sFdpM2YB0tIsRm4w8N3U97k45Y0%2FEib%2FiX0klpHo531U%2BiJDfpGk8GtI9gsFjsk5AwkXfOD8am5M%2FOI%2FNvosn4X8140%2FNC3piNfg2%2FK5jr1exrmTx4URVpd%2BWBjILAXEJDYcnfw8l%2FAQ%3D&RelayState=cookie%3A1711023300_c879,191,0,140
1711023299908,191,HTTP Request - fidustest.skolverket-0,302,Thread Group 1-88,,168,168,https://fidustest.skolverket.se/Shibboleth.sso/Login?target=https://fidustest.skolverket.se/secure&entityID=https://idp-skolverket.dev.eduid.se/2021005208,191,0,140
1711023317410,80571,HTTP Request - fidustest.skolverket,Non HTTP response code: java.net.SocketException,Thread Group 1-123,Test failed: code expected to contain /200/,168,168,https://idp-skolverket.dev.eduid.se/EduidSP/2021005208/sso/redirect?SAMLRequest=hZJfT4MwFMW%2FCuk7FJhkoxkkuJm4ZCoR9MEXU%2BBOmkGLvWXqtxeGf%2BbLfLvJPf2dnNO7RN42HUt6U8t7eO0BjfXeNhLZcRGRXkumOApkkreAzJQsS262zHdc1mllVKkaYiWIoI1QcqUk9i3oDPRBlPBwv41IbUyHjNKdqHo0g4ODe9UcQO9hGIFmtSgK1YCpHURFR7xP07ssJ9Z6UAvJR%2FIvR1SdfUKo4OBA1YtqZF2NQ5ZS3%2FU91w18d0FHpoZKaCgNsTbriDwvQr%2BcVYHLdwvYhcWsKAa1587LkgdhEYSDDLGHjUTDpYnIQLuw3Znte7nnMy9g3vyJWOlX%2FEshKyFfzndVTCJk13me2lO6R9B4TDYISLwcG2dHY33yB%2Bex%2FLt4Ev9XM%2F7UvKQnVpNvx24H9madqkaUH1bSNOptpYEbiIhHaDw9%2BXso8Sc%3D&RelayState=cookie%3A1711023317_bf89,205,0,121
1711023300099,97884,HTTP Request - fidustest.skolverket-1,Non HTTP response code: java.net.SocketException,Thread Group 1-88,,168,168,https://idp-skolverket.dev.eduid.se/EduidSP/2021005208/sso/redirect?SAMLRequest=hZJfT4MwFMW%2FCun71sIcm80gwc3EJVPJQB98MUDvpBm02Fumfnth%2BGe%2BzLeb3NPfyTm9C8zqquFRa0u1hdcW0DrvdaWQHxcBaY3iOkOJXGU1ILcFT6LbDffGjDdGW13oijgRIhgrtVpqhW0NJgFzkAU8bDcBKa1tkFO6k6JF2zmMca%2BrA5g9dCPQpJR5riuw5RhR0x7v0fg%2BSYmz6tRSZT35lyNFMzohCDiMQbRS9Kzrfkhi6jHPZWzqsTntmQaENFBY4qxXAXkWAljBvMs8Z37GdsXMn%2BzEBMSM%2BeC7c%2BhkiC2sFdpM2YB0tIsRm4w8N3U97k45Y0%2FEib%2FiX0klpHo531U%2BiJDfpGk8GtI9gsFjsk5AwkXfOD8am5M%2FOI%2FNvosn4X8140%2FNC3piNfg2%2FK5jr1exrmTx4URVpd%2BWBjILAXEJDYcnfw8l%2FAQ%3D&RelayState=cookie%3A1711023300_c879,0,0,97883
1711023304909,93073,HTTP Request - fidustest.skolverket,Non HTTP response code: java.net.SocketException,Thread Group 1-98,Test failed: code expected to contain /200/,168,168,https://idp-skolverket.dev.eduid.se/EduidSP/2021005208/sso/redirect?SAMLRequest=hZJfT8IwFMW%2FytL30bXANA1bgmAiCerCpg%2B%2BmLJepGG0s7dD%2FfZuzD%2F4gm83uae%2Fk3N6Jyj3VS2mjd%2BaFbw2gD5431cGxXGRkMYZYSVqFEbuAYUvRT69XQo%2BiETtrLelrUgwRQTntTUza7DZg8vBHXQJD6tlQrbe1ygo3WjVoG8dBriz1QHcDtoRaL7V67WtwG8HiJZ2eE6z%2B7wgwbxVayM78i9Hqzo8ISg4DEA1WnWs627IM8ojzqJozKNL2jEdKO2g9CRYzBPyvOGMxWokmYx4rMqLeM1kGceKcanYcDNsZYgNLAx6aXxCWtoojIYhZwXjgo1FNH4iQfYV%2F0obpc3L%2Ba7WvQjFTVFkYZ%2FuERwek7UCkk66xsXR2J38wXms%2FC6epP%2FVjD81T%2BiJVe9bi7uWvZhnttLlRzCtKvs2cyA9JIQRmvZP%2Fh5K%2Bgk%3D&RelayState=cookie%3A1711023305_cb7e,158,0,111
1711023317410,205,HTTP Request - fidustest.skolverket-0,302,Thread Group 1-123,,168,168,https://fidustest.skolverket.se/Shibboleth.sso/Login?target=https://fidustest.skolverket.se/secure&entityID=https://idp-skolverket.dev.eduid.se/2021005208,205,0,121
1711023317616,80365,HTTP Request - fidustest.skolverket-1,Non HTTP response code: java.net.SocketException,Thread Group 1-123,,168,168,https://idp-skolverket.dev.eduid.se/EduidSP/2021005208/sso/redirect?SAMLRequest=hZJfT4MwFMW%2FCuk7FJhkoxkkuJm4ZCoR9MEXU%2BBOmkGLvWXqtxeGf%2BbLfLvJPf2dnNO7RN42HUt6U8t7eO0BjfXeNhLZcRGRXkumOApkkreAzJQsS262zHdc1mllVKkaYiWIoI1QcqUk9i3oDPRBlPBwv41IbUyHjNKdqHo0g4ODe9UcQO9hGIFmtSgK1YCpHURFR7xP07ssJ9Z6UAvJR%2FIvR1SdfUKo4OBA1YtqZF2NQ5ZS3%2FU91w18d0FHpoZKaCgNsTbriDwvQr%2BcVYHLdwvYhcWsKAa1587LkgdhEYSDDLGHjUTDpYnIQLuw3Znte7nnMy9g3vyJWOlX%2FEshKyFfzndVTCJk13me2lO6R9B4TDYISLwcG2dHY33yB%2Bex%2FLt4Ev9XM%2F7UvKQnVpNvx24H9madqkaUH1bSNOptpYEbiIhHaDw9%2BXso8Sc%3D&RelayState=cookie%3A1711023317_bf89,0,0,80365
1711023336408,61571,HTTP Request - fidustest.skolverket,Non HTTP response code: java.net.SocketException,Thread Group 1-161,Test failed: code expected to contain /200/,168,168,https://idp-skolverket.dev.eduid.se/EduidSP/2021005208/sso/redirect?SAMLRequest=hZJLb8IwEIT%2FSuQ7OHYSCBaJlEKlItE2IrSHXqo8lmIR7NTr0PbfN4E%2B6IXeVtrxN5rxTjHf141IWrtVK3htAa3zvq8ViuMiIq1RQucoUah8DyhsKbLkdin40BWN0VaXuiZOggjGSq1mWmG7B5OBOcgSHlbLiGytbVBQupFVi7ZzGOJO1wcwO%2BhGoNlWFoWuwW6HiJr2eE7T%2B2xNnHmnlirvyb8cWTWDM0IFhyFUrax61nU%2FZCnlLmeuG3A3pD3TQCUNlJY4i3lEnsEfjcNN6AebMWeTYuSXwZh5YcgnLgtdj3UyxBYWCm2ubEQ6mj9wvQFna8YFC4Q3eiJO%2BhX%2FSqpKqpfLXRUnEYqb9TodnNI9gsFjsk5A4mnfuDgam7M%2FuIzNv4sn8X8140%2FNU3pmdfJtxF3HXsxTXcvyw0nqWr%2FNDOQWIsIIjU9P%2Fh5K%2FAk%3D&RelayState=cookie%3A1711023336_dbc8,241,0,200
1711023336408,242,HTTP Request - fidustest.skolverket-0,302,Thread Group 1-161,,168,168,https://fidustest.skolverket.se/Shibboleth.sso/Login?target=https://fidustest.skolverket.se/secure&entityID=https://idp-skolverket.dev.eduid.se/2021005208,241,0,200
1711023268905,129078,HTTP Request - fidustest.skolverket,Non HTTP response code: java.net.SocketException,Thread Group 1-26,Test failed: code expected to contain /200/,168,168,https://idp-skolverket.dev.eduid.se/EduidSP/2021005208/sso/redirect?SAMLRequest=hZJfT4MwFMW%2FCun7aCnMjGYsmZuJS6YSQR98MUDvXDPWYm%2BZ%2Bu2F4Z%2F5Mt9uck9%2FJ%2Bf0TrHY142Yt26r7%2BG1BXTe%2B77WKI6LhLRWC1OgQqGLPaBwlcjmN2vBfSYaa5ypTE28OSJYp4xeGI3tHmwG9qAqeLhfJ2TrXIOC0o2SLbrOwcedqQ9gd9CNQLOtKktTg9v6iIb2eE7Tuywn3rJTK1305F%2BOks3ohCDh4INslexZV%2F2QpZQzHjA25mxCe6YFqSxUjnirZUKeQcY8LoOYlwwKGW3CgE0gDHl4EbEJj8adDLGFlUZXaJeQjhaNWDjiQR5wEUSCx0%2FES7%2FiXyotlX4531U5iFBc53k6GtI9gsVjsk5AZtO%2BcXE0tid%2FcB5bfBdPZv%2FVjD81T%2BmJ1eDbiNuOvVqmplbVhzeva%2FO2sFA4SEhA6Gx48vdQZp8%3D&RelayState=cookie%3A1711023269_23e1,126,0,74
1711023268905,126,HTTP Request - fidustest.skolverket-0,302,Thread Group 1-26,,168,168,https://fidustest.skolverket.se/Shibboleth.sso/Login?target=https://fidustest.skolverket.se/secure&entityID=https://idp-skolverket.dev.eduid.se/2021005208,126,0,74
1711023336651,61328,HTTP Request - fidustest.skolverket-1,Non HTTP response code: java.net.SocketException,Thread Group 1-161,,168,168,https://idp-skolverket.dev.eduid.se/EduidSP/2021005208/sso/redirect?SAMLRequest=hZJLb8IwEIT%2FSuQ7OHYSCBaJlEKlItE2IrSHXqo8lmIR7NTr0PbfN4E%2B6IXeVtrxN5rxTjHf141IWrtVK3htAa3zvq8ViuMiIq1RQucoUah8DyhsKbLkdin40BWN0VaXuiZOggjGSq1mWmG7B5OBOcgSHlbLiGytbVBQupFVi7ZzGOJO1wcwO%2BhGoNlWFoWuwW6HiJr2eE7T%2B2xNnHmnlirvyb8cWTWDM0IFhyFUrax61nU%2FZCnlLmeuG3A3pD3TQCUNlJY4i3lEnsEfjcNN6AebMWeTYuSXwZh5YcgnLgtdj3UyxBYWCm2ubEQ6mj9wvQFna8YFC4Q3eiJO%2BhX%2FSqpKqpfLXRUnEYqb9TodnNI9gsFjsk5A4mnfuDgam7M%2FuIzNv4sn8X8140%2FNU3pmdfJtxF3HXsxTXcvyw0nqWr%2FNDOQWIsIIjU9P%2Fh5K%2FAk%3D&RelayState=cookie%3A1711023336_dbc8,0,0,61328
1711023304909,158,HTTP Request - fidustest.skolverket-0,302,Thread Group 1-98,,168,168,https://fidustest.skolverket.se/Shibboleth.sso/Login?target=https://fidustest.skolverket.se/secure&entityID=https://idp-skolverket.dev.eduid.se/2021005208,158,0,111
1711023336908,61072,HTTP Request - fidustest.skolverket,Non HTTP response code: java.net.SocketException,Thread Group 1-162,Test failed: code expected to contain /200/,168,168,https://idp-skolverket.dev.eduid.se/EduidSP/2021005208/sso/redirect?SAMLRequest=hZJfT8IwFMW%2FytJ36NY5gYYtmWAiCerC0AdfTLdepGG0s7dD%2FfZuzD%2F4gm83uae%2Fk3N6pyj2Vc3Txm31Cl4bQOe97yuN%2FLiISWM1NwIVci32gNyVPE9vl5wNfV5b40xpKuKliGCdMnpmNDZ7sDnYgyrhYbWMyda5GjmlGyUbdK3DEHemOoDdQTsCzbeqKEwFbjtENLTDM5rd52vizVu10qIj%2F3KUrAcnBAmHIchGyY513Q15RpnPAt%2BPmD%2BmHdOCVBZKR7zFPCbPMJn4kpWXpZhEUSDGYRhtCgA5CkMQIxG2MsQGFhqd0C4mLe1i4IcDFqwDxoOIh6Mn4mVf8a%2BUlkq%2FnO%2Bq6EXIb9brbNCnewSLx2StgCTTrnF%2BNLYnf3AeK76LJ8l%2FNeNPzVN6YtX71vyuZS%2FmmalU%2BeGlVWXeZhaEg5gEhCb9k7%2BHknwC&RelayState=cookie%3A1711023337_5a2b,157,0,96
1711023257409,140575,HTTP Request - fidustest.skolverket,Non HTTP response code: java.net.SocketException,Thread Group 1-3,Test failed: code expected to contain /200/,166,166,https://idp-skolverket.dev.eduid.se/EduidSP/2021005208/sso/redirect?SAMLRequest=hZJfT4MwFMW%2FCun7VmBMWTNIcDNxyVQy0AdfTIGLNIMWe8vUby8M%2F8yX%2BXaTe%2Fo7Oad3ibypWxZ1ppI7eO0AjfXe1BLZcRGQTkumOApkkjeAzOQsiW63zJ3arNXKqFzVxIoQQRuh5EpJ7BrQCeiDyOFhtw1IZUyLjNJSFB2a3mGKe1UfQO%2BhH4EmlcgyVYOppoiKDniXxvdJSqx1rxaSD%2BRfjijayQmhgMMUik4UA%2Bt6GJKYurbr2PbctX06MDUUQkNuiLVZB%2BQZ%2FIyXPPdKvwTHWyz8xfwyL0sXsouZDyX0MsQONhINlyYgPc2b2LOJ66SOyxyPOZdPxIq%2F4l8JWQj5cr6rbBQhu0nTeDKmewSNx2S9gITLoXF2NNYnf3Aey7%2BLJ%2BF%2FNeNPzUt6YjX6tuyuZ2%2FWsapF%2FmFFda3eVhq4gYA4hIbjk7%2BHEn4C&RelayState=cookie%3A1711023257_a033,142,0,98
1711023269032,128951,HTTP Request - fidustest.skolverket-1,Non HTTP response code: java.net.SocketException,Thread Group 1-26,,168,168,https://idp-skolverket.dev.eduid.se/EduidSP/2021005208/sso/redirect?SAMLRequest=hZJfT4MwFMW%2FCun7aCnMjGYsmZuJS6YSQR98MUDvXDPWYm%2BZ%2Bu2F4Z%2F5Mt9uck9%2FJ%2Bf0TrHY142Yt26r7%2BG1BXTe%2B77WKI6LhLRWC1OgQqGLPaBwlcjmN2vBfSYaa5ypTE28OSJYp4xeGI3tHmwG9qAqeLhfJ2TrXIOC0o2SLbrOwcedqQ9gd9CNQLOtKktTg9v6iIb2eE7Tuywn3rJTK1305F%2BOks3ohCDh4INslexZV%2F2QpZQzHjA25mxCe6YFqSxUjnirZUKeQcY8LoOYlwwKGW3CgE0gDHl4EbEJj8adDLGFlUZXaJeQjhaNWDjiQR5wEUSCx0%2FES7%2FiXyotlX4531U5iFBc53k6GtI9gsVjsk5AZtO%2BcXE0tid%2FcB5bfBdPZv%2FVjD81T%2BmJ1eDbiNuOvVqmplbVhzeva%2FO2sFA4SEhA6Gx48vdQZp8%3D&RelayState=cookie%3A1711023269_23e1,0,0,128951
1711023257409,142,HTTP Request - fidustest.skolverket-0,302,Thread Group 1-3,,166,166,https://fidustest.skolverket.se/Shibboleth.sso/Login?target=https://fidustest.skolverket.se/secure&entityID=https://idp-skolverket.dev.eduid.se/2021005208,142,0,98
1711023305068,92914,HTTP Request - fidustest.skolverket-1,Non HTTP response code: java.net.SocketException,Thread Group 1-98,,168,168,https://idp-skolverket.dev.eduid.se/EduidSP/2021005208/sso/redirect?SAMLRequest=hZJfT8IwFMW%2FytL30bXANA1bgmAiCerCpg%2B%2BmLJepGG0s7dD%2FfZuzD%2F4gm83uae%2Fk3N6Jyj3VS2mjd%2BaFbw2gD5431cGxXGRkMYZYSVqFEbuAYUvRT69XQo%2BiETtrLelrUgwRQTntTUza7DZg8vBHXQJD6tlQrbe1ygo3WjVoG8dBriz1QHcDtoRaL7V67WtwG8HiJZ2eE6z%2B7wgwbxVayM78i9Hqzo8ISg4DEA1WnWs627IM8ojzqJozKNL2jEdKO2g9CRYzBPyvOGMxWokmYx4rMqLeM1kGceKcanYcDNsZYgNLAx6aXxCWtoojIYhZwXjgo1FNH4iQfYV%2F0obpc3L%2Ba7WvQjFTVFkYZ%2FuERwek7UCkk66xsXR2J38wXms%2FC6epP%2FVjD81T%2BiJVe9bi7uWvZhnttLlRzCtKvs2cyA9JIQRmvZP%2Fh5K%2Bgk%3D&RelayState=cookie%3A1711023305_cb7e,0,0,92914
1711023336908,157,HTTP Request - fidustest.skolverket-0,302,Thread Group 1-162,,168,168,https://fidustest.skolverket.se/Shibboleth.sso/Login?target=https://fidustest.skolverket.se/secure&entityID=https://idp-skolverket.dev.eduid.se/2021005208,157,0,96
1711023257552,140432,HTTP Request - fidustest.skolverket-1,Non HTTP response code: java.net.SocketException,Thread Group 1-3,,166,166,https://idp-skolverket.dev.eduid.se/EduidSP/2021005208/sso/redirect?SAMLRequest=hZJfT4MwFMW%2FCun7VmBMWTNIcDNxyVQy0AdfTIGLNIMWe8vUby8M%2F8yX%2BXaTe%2Fo7Oad3ibypWxZ1ppI7eO0AjfXe1BLZcRGQTkumOApkkjeAzOQsiW63zJ3arNXKqFzVxIoQQRuh5EpJ7BrQCeiDyOFhtw1IZUyLjNJSFB2a3mGKe1UfQO%2BhH4EmlcgyVYOppoiKDniXxvdJSqx1rxaSD%2BRfjijayQmhgMMUik4UA%2Bt6GJKYurbr2PbctX06MDUUQkNuiLVZB%2BQZ%2FIyXPPdKvwTHWyz8xfwyL0sXsouZDyX0MsQONhINlyYgPc2b2LOJ66SOyxyPOZdPxIq%2F4l8JWQj5cr6rbBQhu0nTeDKmewSNx2S9gITLoXF2NNYnf3Aey7%2BLJ%2BF%2FNeNPzUt6YjX6tuyuZ2%2FWsapF%2FmFFda3eVhq4gYA4hIbjk7%2BHEn4C&RelayState=cookie%3A1711023257_a033,0,0,140432
1711023337066,60914,HTTP Request - fidustest.skolverket-1,Non HTTP response code: java.net.SocketException,Thread Group 1-162,,168,168,https://idp-skolverket.dev.eduid.se/EduidSP/2021005208/sso/redirect?SAMLRequest=hZJfT8IwFMW%2FytJ36NY5gYYtmWAiCerC0AdfTLdepGG0s7dD%2FfZuzD%2F4gm83uae%2Fk3N6pyj2Vc3Txm31Cl4bQOe97yuN%2FLiISWM1NwIVci32gNyVPE9vl5wNfV5b40xpKuKliGCdMnpmNDZ7sDnYgyrhYbWMyda5GjmlGyUbdK3DEHemOoDdQTsCzbeqKEwFbjtENLTDM5rd52vizVu10qIj%2F3KUrAcnBAmHIchGyY513Q15RpnPAt%2BPmD%2BmHdOCVBZKR7zFPCbPMJn4kpWXpZhEUSDGYRhtCgA5CkMQIxG2MsQGFhqd0C4mLe1i4IcDFqwDxoOIh6Mn4mVf8a%2BUlkq%2FnO%2Bq6EXIb9brbNCnewSLx2StgCTTrnF%2BNLYnf3AeK76LJ8l%2FNeNPzVN6YtX71vyuZS%2FmmalU%2BeGlVWXeZhaEg5gEhCb9k7%2BHknwC&RelayState=cookie%3A1711023337_5a2b,0,0,60914
1711023285903,112083,HTTP Request - fidustest.skolverket,Non HTTP response code: java.net.SocketException,Thread Group 1-60,Test failed: code expected to contain /200/,165,165,https://idp-skolverket.dev.eduid.se/EduidSP/2021005208/sso/redirect?SAMLRequest=hZJfT4MwFMW%2FCun7KHS4STOWzM3EJVPJQB98MR1cpBm02Fumfnth%2BGe%2BzLeb3NPfyTm9MxR11fBFa0u1hdcW0DrvdaWQHxcRaY3iWqBErkQNyG3Gk8XthjPX443RVme6Is4CEYyVWi21wrYGk4A5yAwetpuIlNY2yCktZN6i7Rxc3OvqAGYP3Qg0KeVupyuwpYuoaY9nNL5PUuKsOrVUoif%2FcmTejE4IORxcyFuZ96zrfkhiyjzme94F8y5pzzSQSwOZJc56FZFnrxizcHoZhtk4nEJWTNi08MdhIYpiIgK262SILawVWqFsRDpaMPLGI%2BanPuN%2BwIPJE3Hir%2FhXUuVSvZzvajeIkN%2BkaTwa0j2CwWOyTkDms75xfjQ2J39wHiu%2Biyfz%2F2rGn5pn9MRq8G34Xcder2JdyezDWVSVflsaEBYi4hM6H578PZT5Jw%3D%3D&RelayState=cookie%3A1711023286_378b,177,0,118
1711023285903,177,HTTP Request - fidustest.skolverket-0,302,Thread Group 1-60,,165,165,https://fidustest.skolverket.se/Shibboleth.sso/Login?target=https://fidustest.skolverket.se/secure&entityID=https://idp-skolverket.dev.eduid.se/2021005208,177,0,118
1711023286080,111906,HTTP Request - fidustest.skolverket-1,Non HTTP response code: java.net.SocketException,Thread Group 1-60,,165,165,https://idp-skolverket.dev.eduid.se/EduidSP/2021005208/sso/redirect?SAMLRequest=hZJfT4MwFMW%2FCun7KHS4STOWzM3EJVPJQB98MR1cpBm02Fumfnth%2BGe%2BzLeb3NPfyTm9MxR11fBFa0u1hdcW0DrvdaWQHxcRaY3iWqBErkQNyG3Gk8XthjPX443RVme6Is4CEYyVWi21wrYGk4A5yAwetpuIlNY2yCktZN6i7Rxc3OvqAGYP3Qg0KeVupyuwpYuoaY9nNL5PUuKsOrVUoif%2FcmTejE4IORxcyFuZ96zrfkhiyjzme94F8y5pzzSQSwOZJc56FZFnrxizcHoZhtk4nEJWTNi08MdhIYpiIgK262SILawVWqFsRDpaMPLGI%2BanPuN%2BwIPJE3Hir%2FhXUuVSvZzvajeIkN%2BkaTwa0j2CwWOyTkDms75xfjQ2J39wHiu%2Biyfz%2F2rGn5pn9MRq8G34Xcder2JdyezDWVSVflsaEBYi4hM6H578PZT5Jw%3D%3D&RelayState=cookie%3A1711023286_378b,0,0,111906
1711023338909,59072,HTTP Request - fidustest.skolverket,Non HTTP response code: java.net.SocketException,Thread Group 1-166,Test failed: code expected to contain /200/,160,160,https://idp-skolverket.dev.eduid.se/EduidSP/2021005208/sso/redirect?SAMLRequest=hZJfT4MwFMW%2FCun7VihMpRlLcDNxyVQy0AdfDGuv0oy12Fumfnth%2BGe%2BzLfb9PR3cs7tFMtd3fC0dZVew2sL6Lz3Xa2RHy4S0lrNTYkKuS53gNwJnqc3K87GPm%2BscUaYmngpIlinjJ4bje0ObA52rwTcr1cJqZxrkFP6rGSLrnMY49bUe7Bb6EageaU2G1ODq8aIhvZ4RrO7vCDeolMrXfbkX46SzeiIIGE%2FBtkq2bOu%2BiHPKPNZ4PsT5l%2FQnmlBKgvCEW%2B5SMiTL6NIhHEU%2B2wD4oyJc8HiUHaneCLDoOxkiC0sNbpSu4R0tGjkhyMWFAHjwYSH8SPxsq%2F4l0pLpV9Od7UZRMiviyIbDekewOIhWScgs2nfOD8Y26MdnMaW38WT2X8140%2FNU3pkNfg2%2FLZjLxeZqZX48NK6Nm9zC6WDhASEzoYnfz%2FK7BM%3D&RelayState=cookie%3A1711023339_bc45,205,0,119
1711023338909,205,HTTP Request - fidustest.skolverket-0,302,Thread Group 1-166,,160,160,https://fidustest.skolverket.se/Shibboleth.sso/Login?target=https://fidustest.skolverket.se/secure&entityID=https://idp-skolverket.dev.eduid.se/2021005208,205,0,119
1711023339115,58866,HTTP Request - fidustest.skolverket-1,Non HTTP response code: java.net.SocketException,Thread Group 1-166,,160,160,https://idp-skolverket.dev.eduid.se/EduidSP/2021005208/sso/redirect?SAMLRequest=hZJfT4MwFMW%2FCun7VihMpRlLcDNxyVQy0AdfDGuv0oy12Fumfnth%2BGe%2BzLfb9PR3cs7tFMtd3fC0dZVew2sL6Lz3Xa2RHy4S0lrNTYkKuS53gNwJnqc3K87GPm%2BscUaYmngpIlinjJ4bje0ObA52rwTcr1cJqZxrkFP6rGSLrnMY49bUe7Bb6EageaU2G1ODq8aIhvZ4RrO7vCDeolMrXfbkX46SzeiIIGE%2FBtkq2bOu%2BiHPKPNZ4PsT5l%2FQnmlBKgvCEW%2B5SMiTL6NIhHEU%2B2wD4oyJc8HiUHaneCLDoOxkiC0sNbpSu4R0tGjkhyMWFAHjwYSH8SPxsq%2F4l0pLpV9Od7UZRMiviyIbDekewOIhWScgs2nfOD8Y26MdnMaW38WT2X8140%2FNU3pkNfg2%2FLZjLxeZqZX48NK6Nm9zC6WDhASEzoYnfz%2FK7BM%3D&RelayState=cookie%3A1711023339_bc45,0,0,58866
1711023300906,97080,HTTP Request - fidustest.skolverket,Non HTTP response code: java.net.SocketException,Thread Group 1-90,Test failed: code expected to contain /200/,160,160,https://idp-skolverket.dev.eduid.se/EduidSP/2021005208/sso/redirect?SAMLRequest=hZLdT8IwFMX%2FlaXv0A%2B2CA0jQTCRBHVx6IMvpqwXaRjt7O1Q%2F3s35ge%2B4NtN7unv5JzeMap9WclpHbb2Hl5rwBC970uL8rhISe2tdAoNSqv2gDIUMp%2FeLKXoM1l5F1zhShJNEcEH4%2BzMWaz34HPwB1PAw%2F0yJdsQKpSUboyuMTQOfdy58gB%2BB80INN%2Ba9dqVELZ9REdbvKDZXb4i0bxRG6ta8i%2FH6Kp3QtBw6IOujW5ZV%2B2QZ1QwwRlLBBvSlulBGw9FINFinpJnpWIdD%2BJCj3gyZEM9EMWFSNggibnmmxE0MsQaFhaDsiElDS3usUFP8BUXkieS8ScSZV%2FxL43Vxr6c72rdiVBer1ZZr0v3CB6PyRoBmYzbxuXR2J%2F8wXms%2Bi6eTP6rGX9qHtMTq863krcNezHPXGmKj2halu5t5kEFSAkndNI9%2BXsok08%3D&RelayState=cookie%3A1711023301_936f,172,0,126
1711023300906,172,HTTP Request - fidustest.skolverket-0,302,Thread Group 1-90,,160,160,https://fidustest.skolverket.se/Shibboleth.sso/Login?target=https://fidustest.skolverket.se/secure&entityID=https://idp-skolverket.dev.eduid.se/2021005208,172,0,126
1711023301079,96907,HTTP Request - fidustest.skolverket-1,Non HTTP response code: java.net.SocketException,Thread Group 1-90,,160,160,https://idp-skolverket.dev.eduid.se/EduidSP/2021005208/sso/redirect?SAMLRequest=hZLdT8IwFMX%2FlaXv0A%2B2CA0jQTCRBHVx6IMvpqwXaRjt7O1Q%2F3s35ge%2B4NtN7unv5JzeMap9WclpHbb2Hl5rwBC970uL8rhISe2tdAoNSqv2gDIUMp%2FeLKXoM1l5F1zhShJNEcEH4%2BzMWaz34HPwB1PAw%2F0yJdsQKpSUboyuMTQOfdy58gB%2BB80INN%2Ba9dqVELZ9REdbvKDZXb4i0bxRG6ta8i%2FH6Kp3QtBw6IOujW5ZV%2B2QZ1QwwRlLBBvSlulBGw9FINFinpJnpWIdD%2BJCj3gyZEM9EMWFSNggibnmmxE0MsQaFhaDsiElDS3usUFP8BUXkieS8ScSZV%2FxL43Vxr6c72rdiVBer1ZZr0v3CB6PyRoBmYzbxuXR2J%2F8wXms%2Bi6eTP6rGX9qHtMTq863krcNezHPXGmKj2halu5t5kEFSAkndNI9%2BXsok08%3D&RelayState=cookie%3A1711023301_936f,0,0,96907
1711023328409,69573,HTTP Request - fidustest.skolverket,Non HTTP response code: java.net.SocketException,Thread Group 1-145,Test failed: code expected to contain /200/,159,159,https://idp-skolverket.dev.eduid.se/EduidSP/2021005208/sso/redirect?SAMLRequest=hZJLb8IwEIT%2FSuQ72DFvi0RKoVKRaBsR2kMvlRMvxSLYqdeh7b9vAn3QC72ttONvNOOdotyXlUhqvzUreK0BffC%2BLw2K4yIitTPCStQojNwDCl%2BILLldCt5lonLW28KWJEgQwXltzcwarPfgMnAHXcDDahmRrfcVCko3WtXoG4cu7mx5ALeDZgSabXWe2xL8totoaYvnNL3P1iSYN2ptZEv%2B5WhVdc4ICg5dULVWLeu6HbKUcsZDxgacjWnLdKC0g8KTYDGPyHNfymI0GfZGecFAbSQLB%2F3JuGCTwYYPx7lqZIg1LAx6aXxEGlq%2Fw3odHq5DLsKB4OMnEqRf8a%2B0Udq8XO4qP4lQ3KzXaeeU7hEcHpM1AhJP28bF0did%2FcFlrPwunsT%2F1Yw%2FNU%2FpmdXJtxJ3DXsxT22pi48gKUv7NnMgPUQkJDQ%2BPfl7KPEn&RelayState=cookie%3A1711023328_aac9,519,0,440
1711023328409,519,HTTP Request - fidustest.skolverket-0,302,Thread Group 1-145,,159,159,https://fidustest.skolverket.se/Shibboleth.sso/Login?target=https://fidustest.skolverket.se/secure&entityID=https://idp-skolverket.dev.eduid.se/2021005208,519,0,440
1711023328930,69052,HTTP Request - fidustest.skolverket-1,Non HTTP response code: java.net.SocketException,Thread Group 1-145,,159,159,https://idp-skolverket.dev.eduid.se/EduidSP/2021005208/sso/redirect?SAMLRequest=hZJLb8IwEIT%2FSuQ72DFvi0RKoVKRaBsR2kMvlRMvxSLYqdeh7b9vAn3QC72ttONvNOOdotyXlUhqvzUreK0BffC%2BLw2K4yIitTPCStQojNwDCl%2BILLldCt5lonLW28KWJEgQwXltzcwarPfgMnAHXcDDahmRrfcVCko3WtXoG4cu7mx5ALeDZgSabXWe2xL8totoaYvnNL3P1iSYN2ptZEv%2B5WhVdc4ICg5dULVWLeu6HbKUcsZDxgacjWnLdKC0g8KTYDGPyHNfymI0GfZGecFAbSQLB%2F3JuGCTwYYPx7lqZIg1LAx6aXxEGlq%2Fw3odHq5DLsKB4OMnEqRf8a%2B0Udq8XO4qP4lQ3KzXaeeU7hEcHpM1AhJP28bF0did%2FcFlrPwunsT%2F1Yw%2FNU%2FpmdXJtxJ3DXsxT22pi48gKUv7NnMgPUQkJDQ%2BPfl7KPEn&RelayState=cookie%3A1711023328_aac9,0,0,69052
1711023274411,123576,HTTP Request - fidustest.skolverket,Non HTTP response code: java.net.SocketException,Thread Group 1-37,Test failed: code expected to contain /200/,158,158,https://idp-skolverket.dev.eduid.se/EduidSP/2021005208/sso/redirect?SAMLRequest=hZJfT8IwFMW%2FytJ36FYmuIaRTDCRBHVh6IMvpmsv0jDa2duhfns38A%2B%2B4NtN7unv5JzeMYpdVfOs8RuzhNcG0Afvu8ogPyxS0jjDrUCN3IgdIPeSF9ntgrN%2ByGtnvZW2IkGGCM5ra6bWYLMDV4DbawkPy0VKNt7XyClda9Wgbx36uLXVHtwW2hFosdFlaSvwmz6ipR2e0fy%2BWJFg1qq1ER35l6NV3TshKNj3QTVadazrbihyykIWheEFCy9px3SgtAPpSTCfpeR5rUYyEQkIlTA5LONhqUKZlKNhKQVLkqiVITYwN%2BiF8SlpaXEvHPRYtIoYj2I%2BiJ9IkH%2FFv9JGafNyvqvyKEJ%2Bs1rlvWO6R3B4SNYKyGTcNc4Pxu7kD85jxXfxZPJfzfhT85ieWB19a37Xsuez3FZafgRZVdm3qQPhISURoZPjk7%2BHMvkE&RelayState=cookie%3A1711023274_1c15,141,0,94
1711023274411,141,HTTP Request - fidustest.skolverket-0,302,Thread Group 1-37,,158,158,https://fidustest.skolverket.se/Shibboleth.sso/Login?target=https://fidustest.skolverket.se/secure&entityID=https://idp-skolverket.dev.eduid.se/2021005208,141,0,94
1711023274553,123434,HTTP Request - fidustest.skolverket-1,Non HTTP response code: java.net.SocketException,Thread Group 1-37,,158,158,https://idp-skolverket.dev.eduid.se/EduidSP/2021005208/sso/redirect?SAMLRequest=hZJfT8IwFMW%2FytJ36FYmuIaRTDCRBHVh6IMvpmsv0jDa2duhfns38A%2B%2B4NtN7unv5JzeMYpdVfOs8RuzhNcG0Afvu8ogPyxS0jjDrUCN3IgdIPeSF9ntgrN%2ByGtnvZW2IkGGCM5ra6bWYLMDV4DbawkPy0VKNt7XyClda9Wgbx36uLXVHtwW2hFosdFlaSvwmz6ipR2e0fy%2BWJFg1qq1ER35l6NV3TshKNj3QTVadazrbihyykIWheEFCy9px3SgtAPpSTCfpeR5rUYyEQkIlTA5LONhqUKZlKNhKQVLkqiVITYwN%2BiF8SlpaXEvHPRYtIoYj2I%2BiJ9IkH%2FFv9JGafNyvqvyKEJ%2Bs1rlvWO6R3B4SNYKyGTcNc4Pxu7kD85jxXfxZPJfzfhT85ieWB19a37Xsuez3FZafgRZVdm3qQPhISURoZPjk7%2BHMvkE&RelayState=cookie%3A1711023274_1c15,0,0,123434
1711023329907,68076,HTTP Request - fidustest.skolverket,Non HTTP response code: java.net.SocketException,Thread Group 1-148,Test failed: code expected to contain /200/,158,158,https://idp-skolverket.dev.eduid.se/EduidSP/2021005208/sso/redirect?SAMLRequest=hZLdT8IwFMX%2FlaXv0A8cYMNIEEwkQV0Y%2BuCL6daLNIx29nao%2F70b%2BIEv%2BHaTe%2Fo7Oad3hGpXVnJSh41dwmsNGKL3XWlRHhYJqb2VTqFBadUOUIZCZpPbhRRdJivvgitcSaIJIvhgnJ06i%2FUOfAZ%2Bbwp4WC4SsgmhQknp2ugaQ%2BPQxa0r9%2BC30IxAs43Jc1dC2HQRHW3xgqb32YpEs0ZtrGrJvxyjq84JQcO%2BC7o2umVdt0OWUsEEZywWbEhbpgdtPBSBRPNZQp77ccFVLAZxPuRKQK5hzRXL2WBQMH3Z540MsYa5xaBsSEhDu%2BiwXkfwFReSx7LHnkiUfsW%2FMlYb%2B3K%2Bq%2FwoQnmzWqWdY7pH8HhI1gjIeNQ2Lg%2FG%2FuQPzmPVd%2FFk%2FF%2FN%2BFPziJ5YHX0redew57PUlab4iCZl6d6mHlSAhHBCx8cnfw9l%2FAk%3D&RelayState=cookie%3A1711023330_b36e,144,0,103
1711023329907,144,HTTP Request - fidustest.skolverket-0,302,Thread Group 1-148,,158,158,https://fidustest.skolverket.se/Shibboleth.sso/Login?target=https://fidustest.skolverket.se/secure&entityID=https://idp-skolverket.dev.eduid.se/2021005208,144,0,103
1711023330052,67931,HTTP Request - fidustest.skolverket-1,Non HTTP response code: java.net.SocketException,Thread Group 1-148,,158,158,https://idp-skolverket.dev.eduid.se/EduidSP/2021005208/sso/redirect?SAMLRequest=hZLdT8IwFMX%2FlaXv0A8cYMNIEEwkQV0Y%2BuCL6daLNIx29nao%2F70b%2BIEv%2BHaTe%2Fo7Oad3hGpXVnJSh41dwmsNGKL3XWlRHhYJqb2VTqFBadUOUIZCZpPbhRRdJivvgitcSaIJIvhgnJ06i%2FUOfAZ%2Bbwp4WC4SsgmhQknp2ugaQ%2BPQxa0r9%2BC30IxAs43Jc1dC2HQRHW3xgqb32YpEs0ZtrGrJvxyjq84JQcO%2BC7o2umVdt0OWUsEEZywWbEhbpgdtPBSBRPNZQp77ccFVLAZxPuRKQK5hzRXL2WBQMH3Z540MsYa5xaBsSEhDu%2BiwXkfwFReSx7LHnkiUfsW%2FMlYb%2B3K%2Bq%2FwoQnmzWqWdY7pH8HhI1gjIeNQ2Lg%2FG%2FuQPzmPVd%2FFk%2FF%2FN%2BFPziJ5YHX0redew57PUlab4iCZl6d6mHlSAhHBCx8cnfw9l%2FAk%3D&RelayState=cookie%3A1711023330_b36e,0,0,67931
1711023353408,44574,HTTP Request - fidustest.skolverket,Non HTTP response code: java.net.SocketException,Thread Group 1-195,Test failed: code expected to contain /200/,159,159,https://idp-skolverket.dev.eduid.se/EduidSP/2021005208/sso/redirect?SAMLRequest=hZJfb4IwFMW%2FCum7FAqiNmLidMlM3EaE7WEvS4HrbMSW9Ra3ffuB7I97cW83uae%2Fk3N6pygOVc3njd2pDbw2gNZ5P1QK%2BWkRk8YorgVK5EocALkteDq%2FXXPmerw22upCV8SZI4KxUquFVtgcwKRgjrKAh806Jjtra%2BSUbmXZoG0dXNzr6ghmD%2B0INN3JPNcV2J2LqGmHZzS5TzPiLFu1VKIj%2F3JkWQ%2FOCCUcXSgbWXas625IE8o85nvekHlj2jENlNJAYYmzWsbkeRLBdjLyoiAU0YhFYRgEYrgdhX4xzoOcbVsZYgMrhVYoG5OWFg68YMD8zGfcH%2FJh8ESc5Cv%2BlVSlVC%2BXu8p7EfKbLEsGfbpHMHhK1grIbNo1zk%2FG5uwPLmPFd%2FFk9l%2FN%2BFPzlJ5Z9b41v2vZq2WiK1l8OPOq0m8LA8JCTHxCZ%2F2Tv4cy%2BwQ%3D&RelayState=cookie%3A1711023353_4e75,145,0,98
1711023353408,145,HTTP Request - fidustest.skolverket-0,302,Thread Group 1-195,,159,159,https://fidustest.skolverket.se/Shibboleth.sso/Login?target=https://fidustest.skolverket.se/secure&entityID=https://idp-skolverket.dev.eduid.se/2021005208,145,0,98
1711023353554,44428,HTTP Request - fidustest.skolverket-1,Non HTTP response code: java.net.SocketException,Thread Group 1-195,,159,159,https://idp-skolverket.dev.eduid.se/EduidSP/2021005208/sso/redirect?SAMLRequest=hZJfb4IwFMW%2FCum7FAqiNmLidMlM3EaE7WEvS4HrbMSW9Ra3ffuB7I97cW83uae%2Fk3N6pygOVc3njd2pDbw2gNZ5P1QK%2BWkRk8YorgVK5EocALkteDq%2FXXPmerw22upCV8SZI4KxUquFVtgcwKRgjrKAh806Jjtra%2BSUbmXZoG0dXNzr6ghmD%2B0INN3JPNcV2J2LqGmHZzS5TzPiLFu1VKIj%2F3JkWQ%2FOCCUcXSgbWXas625IE8o85nvekHlj2jENlNJAYYmzWsbkeRLBdjLyoiAU0YhFYRgEYrgdhX4xzoOcbVsZYgMrhVYoG5OWFg68YMD8zGfcH%2FJh8ESc5Cv%2BlVSlVC%2BXu8p7EfKbLEsGfbpHMHhK1grIbNo1zk%2FG5uwPLmPFd%2FFk9l%2FN%2BFPzlJ5Z9b41v2vZq2WiK1l8OPOq0m8LA8JCTHxCZ%2F2Tv4cy%2BwQ%3D&RelayState=cookie%3A1711023353_4e75,0,0,44428
1711023261906,136081,HTTP Request - fidustest.skolverket,Non HTTP response code: java.net.SocketException,Thread Group 1-12,Test failed: code expected to contain /200/,155,155,https://idp-skolverket.dev.eduid.se/EduidSP/2021005208/sso/redirect?SAMLRequest=hZJfT8IwFMW%2FytJ31q4CasNIJphIgrqw6YMvplsvrmG0s7dD%2FfZu4B98wbeb3NPfyTm9E5TbuhFJ6yuzgtcW0Afv29qg2C9i0jojrESNwsgtoPClyJLbpeAhE42z3pa2JkGCCM5ra2bWYLsFl4Hb6RIeVsuYVN43KChda9Wi7xxC3Nh6B24D3Qg0q3RR2Bp8FSJa2uM5Te%2BznATzTq2N7Mm%2FHK2awRFBwS4E1WrVs677IUspZzxibMTZBe2ZDpR2UHoSLOYxeS7gEhjAmLNivOaXpRwBSDWG8bmSipeskyG2sDDopfEx6WjDATsb8CiPuIiGgvMnEqRf8a%2B0Udq8nO6qOIhQ3OR5OjikewSH%2B2SdgEwnfeNib%2ByO%2FuA0Vn4XT6b%2F1Yw%2FNU%2FokdXBtxF3HXsxT22ty48gqWv7NnMgPcQkInR6ePL3UKaf&RelayState=cookie%3A1711023262_d8bb,163,0,108
1711023261906,163,HTTP Request - fidustest.skolverket-0,302,Thread Group 1-12,,155,155,https://fidustest.skolverket.se/Shibboleth.sso/Login?target=https://fidustest.skolverket.se/secure&entityID=https://idp-skolverket.dev.eduid.se/2021005208,163,0,108
1711023262072,135915,HTTP Request - fidustest.skolverket-1,Non HTTP response code: java.net.SocketException,Thread Group 1-12,,155,155,https://idp-skolverket.dev.eduid.se/EduidSP/2021005208/sso/redirect?SAMLRequest=hZJfT8IwFMW%2FytJ31q4CasNIJphIgrqw6YMvplsvrmG0s7dD%2FfZu4B98wbeb3NPfyTm9E5TbuhFJ6yuzgtcW0Afv29qg2C9i0jojrESNwsgtoPClyJLbpeAhE42z3pa2JkGCCM5ra2bWYLsFl4Hb6RIeVsuYVN43KChda9Wi7xxC3Nh6B24D3Qg0q3RR2Bp8FSJa2uM5Te%2BznATzTq2N7Mm%2FHK2awRFBwS4E1WrVs677IUspZzxibMTZBe2ZDpR2UHoSLOYxeS7gEhjAmLNivOaXpRwBSDWG8bmSipeskyG2sDDopfEx6WjDATsb8CiPuIiGgvMnEqRf8a%2B0Udq8nO6qOIhQ3OR5OjikewSH%2B2SdgEwnfeNib%2ByO%2FuA0Vn4XT6b%2F1Yw%2FNU%2FokdXBtxF3HXsxT22ty48gqWv7NnMgPcQkInR6ePL3UKaf&RelayState=cookie%3A1711023262_d8bb,0,0,135915
1711023276910,121078,HTTP Request - fidustest.skolverket,Non HTTP response code: java.net.SocketException,Thread Group 1-42,Test failed: code expected to contain /200/,154,154,https://idp-skolverket.dev.eduid.se/EduidSP/2021005208/sso/redirect?SAMLRequest=hZJfT4MwFMW%2FCuk7a4EtaDNI5mbikqlkoA%2B%2BmELvXDPWYm%2BZ%2Bu2F4Z%2F5Mt9uck9%2FJ%2Bf0TlHs64bPWrfVa3htAZ33vq818uMiIa3V3AhUyLXYA3JX8Xx2u%2BLhiPHGGmcqUxNvhgjWKaPnRmO7B5uDPagKHtarhGyda5BTulGyRdc5jHBn6gPYHXQj0HyrytLU4LYjREN7fEiz%2B7wg3qJTKy168i9HycY%2FIUg4jEC2Svas637IMxqyMGBsErIL2jMtSGWhcsRbLhLyLMrNpdhAFLJqsmGlrCSLI4BJEMexiNm4kyG2sNTohHYJ6Whjn0V%2BGBRByIMxj%2BIn4mVf8a%2BUlkq%2FnO%2BqHETIb4oi84d0j2DxmKwTkHTaN86PxvbkD85jxXfxJP2vZvypeUpPrAbfht917OUiM7WqPrxZXZu3uQXhICEBoenw5O%2BhpJ8%3D&RelayState=cookie%3A1711023277_f873,143,0,103
1711023276910,143,HTTP Request - fidustest.skolverket-0,302,Thread Group 1-42,,154,154,https://fidustest.skolverket.se/Shibboleth.sso/Login?target=https://fidustest.skolverket.se/secure&entityID=https://idp-skolverket.dev.eduid.se/2021005208,143,0,103
1711023277055,120933,HTTP Request - fidustest.skolverket-1,Non HTTP response code: java.net.SocketException,Thread Group 1-42,,154,154,https://idp-skolverket.dev.eduid.se/EduidSP/2021005208/sso/redirect?SAMLRequest=hZJfT4MwFMW%2FCuk7a4EtaDNI5mbikqlkoA%2B%2BmELvXDPWYm%2BZ%2Bu2F4Z%2F5Mt9uck9%2FJ%2Bf0TlHs64bPWrfVa3htAZ33vq818uMiIa3V3AhUyLXYA3JX8Xx2u%2BLhiPHGGmcqUxNvhgjWKaPnRmO7B5uDPagKHtarhGyda5BTulGyRdc5jHBn6gPYHXQj0HyrytLU4LYjREN7fEiz%2B7wg3qJTKy168i9HycY%2FIUg4jEC2Svas637IMxqyMGBsErIL2jMtSGWhcsRbLhLyLMrNpdhAFLJqsmGlrCSLI4BJEMexiNm4kyG2sNTohHYJ6Whjn0V%2BGBRByIMxj%2BIn4mVf8a%2BUlkq%2FnO%2BqHETIb4oi84d0j2DxmKwTkHTaN86PxvbkD85jxXfxJP2vZvypeUpPrAbfht917OUiM7WqPrxZXZu3uQXhICEBoenw5O%2BhpJ8%3D&RelayState=cookie%3A1711023277_f873,0,0,120933
1711023318407,79578,HTTP Request - fidustest.skolverket,Non HTTP response code: java.net.SocketException,Thread Group 1-125,Test failed: code expected to contain /200/,153,153,https://idp-skolverket.dev.eduid.se/EduidSP/2021005208/sso/redirect?SAMLRequest=hZJfT4MwFMW%2FCun7aOlkYc0gmZuJS6YSmT74YgrcuWbQYm%2BZ%2Bu2F4Z%2F5Mt9uck9%2FJ%2Bf0zlDWVSPmrdvpe3htAZ33XlcaxXERk9ZqYSQqFFrWgMIVIpvfrAX3mWiscaYwFfHmiGCdMnphNLY12AzsQRXwcL%2BOyc65BgWlW1W26DoHH%2FemOoDdQzcCzXYqz00FbucjGtrjOU3vsg3xlp1aadmTfzmqbEYnhBIOPpStKnvWVT9kKeWMB4yFnEW0Z1oolYXCEW%2B1jMnzhLFgEmzzkPGIbcPxNJfFJJqWU76VY5mHnQyxhZVGJ7WLSUe7GLHxiAebgIsgFEH0RLz0K%2F6l0qXSL%2Be7ygcRiuvNJh0N6R7B4jFZJyDJrG9cHI3tyR%2Bcx8rv4knyX834U%2FOMnlgNvo247dirZWoqVXx486oybwsL0kFMAkKT4cnfQ0k%2BAQ%3D%3D&RelayState=cookie%3A1711023318_45c2,172,0,128
1711023318407,172,HTTP Request - fidustest.skolverket-0,302,Thread Group 1-125,,153,153,https://fidustest.skolverket.se/Shibboleth.sso/Login?target=https://fidustest.skolverket.se/secure&entityID=https://idp-skolverket.dev.eduid.se/2021005208,172,0,128
1711023318579,79406,HTTP Request - fidustest.skolverket-1,Non HTTP response code: java.net.SocketException,Thread Group 1-125,,153,153,https://idp-skolverket.dev.eduid.se/EduidSP/2021005208/sso/redirect?SAMLRequest=hZJfT4MwFMW%2FCun7aOlkYc0gmZuJS6YSmT74YgrcuWbQYm%2BZ%2Bu2F4Z%2F5Mt9uck9%2FJ%2Bf0zlDWVSPmrdvpe3htAZ33XlcaxXERk9ZqYSQqFFrWgMIVIpvfrAX3mWiscaYwFfHmiGCdMnphNLY12AzsQRXwcL%2BOyc65BgWlW1W26DoHH%2FemOoDdQzcCzXYqz00FbucjGtrjOU3vsg3xlp1aadmTfzmqbEYnhBIOPpStKnvWVT9kKeWMB4yFnEW0Z1oolYXCEW%2B1jMnzhLFgEmzzkPGIbcPxNJfFJJqWU76VY5mHnQyxhZVGJ7WLSUe7GLHxiAebgIsgFEH0RLz0K%2F6l0qXSL%2Be7ygcRiuvNJh0N6R7B4jFZJyDJrG9cHI3tyR%2Bcx8rv4knyX834U%2FOMnlgNvo247dirZWoqVXx486oybwsL0kFMAkKT4cnfQ0k%2BAQ%3D%3D&RelayState=cookie%3A1711023318_45c2,0,0,79406
1711023345912,52072,HTTP Request - fidustest.skolverket,Non HTTP response code: java.net.SocketException,Thread Group 1-180,Test failed: code expected to contain /200/,152,152,https://idp-skolverket.dev.eduid.se/EduidSP/2021005208/sso/redirect?SAMLRequest=hZJfT4MwFMW%2FCun7KNQNWDNIcDNxyVQy0AdfDIM7aQYt9pap314Y%2Fpkv%2BnaTe%2Fo7Oad3gXlTtzzuTCW38NIBGuutqSXy0yIknZZc5SiQy7wB5KbgaXyz4cx2eKuVUYWqiRUjgjZCyaWS2DWgU9BHUcD9dhOSypgWOaV7UXZoegcbD6o%2Bgj5APwJNK7HbqRpMZSMqOuAZTe7SjFirXi1kPpB%2FOKJsJ2eEEo42lJ0oB9bVMKQJZQ5zHWfGnIAOTA2l0FAYYq1XIXkK5r7nwT5gMPMhmBe5F7i%2B73j%2B3GNF4Ox7GWIHa4kmlyYkPW06cS4mzM1cxt0Zn3qPxEo%2B418KWQr5%2FHdXu1GE%2FDrLksmY7gE0npL1AhIthsb5yVif%2FcHf2PyreBL9VzN%2B17ygZ1ajb8tve%2FZ6lahaFO9WXNfqdakhNxASl9BofPL7UKIP&RelayState=cookie%3A1711023346_21c6,168,0,121
1711023345912,168,HTTP Request - fidustest.skolverket-0,302,Thread Group 1-180,,152,152,https://fidustest.skolverket.se/Shibboleth.sso/Login?target=https://fidustest.skolverket.se/secure&entityID=https://idp-skolverket.dev.eduid.se/2021005208,168,0,121
1711023346082,51902,HTTP Request - fidustest.skolverket-1,Non HTTP response code: java.net.SocketException,Thread Group 1-180,,152,152,https://idp-skolverket.dev.eduid.se/EduidSP/2021005208/sso/redirect?SAMLRequest=hZJfT4MwFMW%2FCun7KNQNWDNIcDNxyVQy0AdfDIM7aQYt9pap314Y%2Fpkv%2BnaTe%2Fo7Oad3gXlTtzzuTCW38NIBGuutqSXy0yIknZZc5SiQy7wB5KbgaXyz4cx2eKuVUYWqiRUjgjZCyaWS2DWgU9BHUcD9dhOSypgWOaV7UXZoegcbD6o%2Bgj5APwJNK7HbqRpMZSMqOuAZTe7SjFirXi1kPpB%2FOKJsJ2eEEo42lJ0oB9bVMKQJZQ5zHWfGnIAOTA2l0FAYYq1XIXkK5r7nwT5gMPMhmBe5F7i%2B73j%2B3GNF4Ox7GWIHa4kmlyYkPW06cS4mzM1cxt0Zn3qPxEo%2B418KWQr5%2FHdXu1GE%2FDrLksmY7gE0npL1AhIthsb5yVif%2FcHf2PyreBL9VzN%2B17ygZ1ajb8tve%2FZ6lahaFO9WXNfqdakhNxASl9BofPL7UKIP&RelayState=cookie%3A1711023346_21c6,0,0,51902
1711023263407,134581,HTTP Request - fidustest.skolverket,Non HTTP response code: java.net.SocketException,Thread Group 1-15,Test failed: code expected to contain /200/,152,152,https://idp-skolverket.dev.eduid.se/EduidSP/2021005208/sso/redirect?SAMLRequest=hZJfT4MwFMW%2FCuk7FBgsrBkkczNxyVQy0AdfTEfvXDPWYm%2BZ%2Bu2F4Z%2F5Mp96k57%2BTs65nSI%2F1A2btXan1vDaAlrn%2FVArZKeLlLRGMc1RIlP8AMhsxYrZ7YqFns8ao62udE2cGSIYK7Waa4XtAUwB5igreFivUrKztkFG6VaKFm3n4OFe10cwe%2BhGoMVObja6BrvzEDXt8SHN74uSOItOLRXvyb8cKRr3jCDg6IFopehZ1%2F1Q5DT0w8D349BPaM80IKSByhJnuUjJc7SNBY%2BSySSJJxCPgSdBd2w30RhiP6hEJ0NsYanQcmVT0tEi1x%2B5YVAGIQsiFo6eiJN%2Fxb%2BSSkj1crmrzSBCdlOWuTukewSDp2SdgGTTvnF2MjZnO7iM5d%2FFk%2By%2FmvGn5ik9sxp8G3bXsZeLXNey%2BnBmda3f5ga4hZQEhGbDk78fJfsE&RelayState=cookie%3A1711023263_8de4,243,0,140
1711023263407,243,HTTP Request - fidustest.skolverket-0,302,Thread Group 1-15,,152,152,https://fidustest.skolverket.se/Shibboleth.sso/Login?target=https://fidustest.skolverket.se/secure&entityID=https://idp-skolverket.dev.eduid.se/2021005208,243,0,140
1711023263650,134338,HTTP Request - fidustest.skolverket-1,Non HTTP response code: java.net.SocketException,Thread Group 1-15,,152,152,https://idp-skolverket.dev.eduid.se/EduidSP/2021005208/sso/redirect?SAMLRequest=hZJfT4MwFMW%2FCuk7FBgsrBkkczNxyVQy0AdfTEfvXDPWYm%2BZ%2Bu2F4Z%2F5Mp96k57%2BTs65nSI%2F1A2btXan1vDaAlrn%2FVArZKeLlLRGMc1RIlP8AMhsxYrZ7YqFns8ao62udE2cGSIYK7Waa4XtAUwB5igreFivUrKztkFG6VaKFm3n4OFe10cwe%2BhGoMVObja6BrvzEDXt8SHN74uSOItOLRXvyb8cKRr3jCDg6IFopehZ1%2F1Q5DT0w8D349BPaM80IKSByhJnuUjJc7SNBY%2BSySSJJxCPgSdBd2w30RhiP6hEJ0NsYanQcmVT0tEi1x%2B5YVAGIQsiFo6eiJN%2Fxb%2BSSkj1crmrzSBCdlOWuTukewSDp2SdgGTTvnF2MjZnO7iM5d%2FFk%2By%2FmvGn5ik9sxp8G3bXsZeLXNey%2BnBmda3f5ga4hZQEhGbDk78fJfsE&RelayState=cookie%3A1711023263_8de4,0,0,134338
1711023323409,74576,HTTP Request - fidustest.skolverket,Non HTTP response code: java.net.SocketException,Thread Group 1-135,Test failed: code expected to contain /200/,150,150,https://idp-skolverket.dev.eduid.se/EduidSP/2021005208/sso/redirect?SAMLRequest=hZJfT8IwFMW%2FytL3rVuBsDRsyQQTSVAXhj74Yrr1Ig2jnb0d6rd3Y%2F7BF3y7yT39nZzTO0NxqBuetW6n1%2FDaAjrv%2FVBr5KdFQlqruRGokGtxAOSu4kV2u%2BIsCHljjTOVqYmXIYJ1yui50dgewBZgj6qCh%2FUqITvnGuSUbpVs0XUOAe5NfQS7h24EWuxUWZoa3C5ANLTHM5rfFxviLTq10qIn%2F3KUbPwzgoRjALJVsmdd90ORUxayKAwnLIxpz7QglYXKEW%2B5SMhzHItRPB6LLZMyjKcjKaMSYFrG05JN4kp0MsQWlhqd0C4hHW3shyOfRZuI8WjC2eiJePlX%2FCulpdIvl7sqBxHym80m94d0j2DxlKwTkHTWN85PxvbsDy5jxXfxJP2vZvypeUbPrAbfht917OUiN7WqPrysrs3b3IJwkJCI0HR48vdQ0k8%3D&RelayState=cookie%3A1711023323_33fe,144,0,103
1711023323409,145,HTTP Request - fidustest.skolverket-0,302,Thread Group 1-135,,150,150,https://fidustest.skolverket.se/Shibboleth.sso/Login?target=https://fidustest.skolverket.se/secure&entityID=https://idp-skolverket.dev.eduid.se/2021005208,144,0,103
1711023323555,74430,HTTP Request - fidustest.skolverket-1,Non HTTP response code: java.net.SocketException,Thread Group 1-135,,150,150,https://idp-skolverket.dev.eduid.se/EduidSP/2021005208/sso/redirect?SAMLRequest=hZJfT8IwFMW%2FytL3rVuBsDRsyQQTSVAXhj74Yrr1Ig2jnb0d6rd3Y%2F7BF3y7yT39nZzTO0NxqBuetW6n1%2FDaAjrv%2FVBr5KdFQlqruRGokGtxAOSu4kV2u%2BIsCHljjTOVqYmXIYJ1yui50dgewBZgj6qCh%2FUqITvnGuSUbpVs0XUOAe5NfQS7h24EWuxUWZoa3C5ANLTHM5rfFxviLTq10qIn%2F3KUbPwzgoRjALJVsmdd90ORUxayKAwnLIxpz7QglYXKEW%2B5SMhzHItRPB6LLZMyjKcjKaMSYFrG05JN4kp0MsQWlhqd0C4hHW3shyOfRZuI8WjC2eiJePlX%2FCulpdIvl7sqBxHym80m94d0j2DxlKwTkHTWN85PxvbsDy5jxXfxJP2vZvypeUbPrAbfht917OUiN7WqPrysrs3b3IJwkJCI0HR48vdQ0k8%3D&RelayState=cookie%3A1711023323_33fe,0,0,74430
1711023291406,106583,HTTP Request - fidustest.skolverket,Non HTTP response code: java.net.SocketException,Thread Group 1-71,Test failed: code expected to contain /200/,149,149,https://idp-skolverket.dev.eduid.se/EduidSP/2021005208/sso/redirect?SAMLRequest=hZJfT4MwFMW%2FCuk7K%2B2YW5pBgpuJS6YSQR98MQXuXDPWYm%2BZ%2Bu2F4Z%2F5Mt9u2tPfyTm3c5T7uhFJ67b6Hl5bQOe972uN4ngRkdZqYSQqFFruAYUrRZbcrAUfBaKxxpnS1MRLEME6ZfTCaGz3YDOwB1XCw%2F06IlvnGhSUblTVouscRrgz9QHsDroRaLZVRWFqcNsRoqE9ntP0LsuJt%2BzUSsue%2FMtRVeOfECo4jKBqVdWzrvohSykPOAuCCQ9mtGdaqJSF0hFvtYzI8wQ2YTALy03BJ1Ly8oIVYzblBavK7iScdjLEFlYandQuIh0t9IOxz1nOuGChmLAn4qVf8S%2BVrpR%2BOd9VMYhQXOd56g%2FpHsHiMVknIPG8b1wcje3JDs5j5XfxJP6vZvypeU5PrAbfRtx27NUyNbUqP7ykrs3bwoJ0EBFGaDw8%2BftR4k8%3D&RelayState=cookie%3A1711023291_24b9,355,0,302
1711023291406,355,HTTP Request - fidustest.skolverket-0,302,Thread Group 1-71,,149,149,https://fidustest.skolverket.se/Shibboleth.sso/Login?target=https://fidustest.skolverket.se/secure&entityID=https://idp-skolverket.dev.eduid.se/2021005208,355,0,302
1711023291762,106227,HTTP Request - fidustest.skolverket-1,Non HTTP response code: java.net.SocketException,Thread Group 1-71,,149,149,https://idp-skolverket.dev.eduid.se/EduidSP/2021005208/sso/redirect?SAMLRequest=hZJfT4MwFMW%2FCuk7K%2B2YW5pBgpuJS6YSQR98MQXuXDPWYm%2BZ%2Bu2F4Z%2F5Mt9u2tPfyTm3c5T7uhFJ67b6Hl5bQOe972uN4ngRkdZqYSQqFFruAYUrRZbcrAUfBaKxxpnS1MRLEME6ZfTCaGz3YDOwB1XCw%2F06IlvnGhSUblTVouscRrgz9QHsDroRaLZVRWFqcNsRoqE9ntP0LsuJt%2BzUSsue%2FMtRVeOfECo4jKBqVdWzrvohSykPOAuCCQ9mtGdaqJSF0hFvtYzI8wQ2YTALy03BJ1Ly8oIVYzblBavK7iScdjLEFlYandQuIh0t9IOxz1nOuGChmLAn4qVf8S%2BVrpR%2BOd9VMYhQXOd56g%2FpHsHiMVknIPG8b1wcje3JDs5j5XfxJP6vZvypeU5PrAbfRtx27NUyNbUqP7ykrs3bwoJ0EBFGaDw8%2BftR4k8%3D&RelayState=cookie%3A1711023291_24b9,0,0,106227
1711023301405,96584,HTTP Request - fidustest.skolverket,Non HTTP response code: java.net.SocketException,Thread Group 1-91,Test failed: code expected to contain /200/,149,149,https://idp-skolverket.dev.eduid.se/EduidSP/2021005208/sso/redirect?SAMLRequest=hZJLT8MwEIT%2FSuR7Y8dNH7KaSKVFolKBqCkcuKA03hKriR28ToF%2FT9LwKJdyW2nH32jGO8OsKmsxb1yhN%2FDaADrvvSo1itMiIo3VwmSoUOisAhQuF%2Bn8di24z0RtjTO5KYk3RwTrlNELo7GpwKZgjyqHh806IoVzNQpK90o26FoHHw%2BmPII9QDsCTQu125kSXOEjGtrhOU3u0y3xlq1a6awj%2F3KUrAdnBAlHH2SjZMe67oY0oZzxgLERZ1PaMS1IZSF3xFstI%2FI8HHM2YdN9wKfD8YSHOc%2FCoRyzHQMIJQtbGWIDK40u0y4iLS0csOGAB9uAi2AkWPBEvOQr%2FpXSUumXy13tehGKm%2B02GfTpHsHiKVkrIPGsa1ycjO3ZH1zGZt%2FFk%2Fi%2FmvGn5hk9s%2Bp9a3HXslfLxJQq%2F%2FDmZWneFhYyBxEJCI37J38PJf4E&RelayState=cookie%3A1711023301_ff04,247,0,159
1711023301405,247,HTTP Request - fidustest.skolverket-0,302,Thread Group 1-91,,149,149,https://fidustest.skolverket.se/Shibboleth.sso/Login?target=https://fidustest.skolverket.se/secure&entityID=https://idp-skolverket.dev.eduid.se/2021005208,247,0,159
1711023301653,96336,HTTP Request - fidustest.skolverket-1,Non HTTP response code: java.net.SocketException,Thread Group 1-91,,149,149,https://idp-skolverket.dev.eduid.se/EduidSP/2021005208/sso/redirect?SAMLRequest=hZJLT8MwEIT%2FSuR7Y8dNH7KaSKVFolKBqCkcuKA03hKriR28ToF%2FT9LwKJdyW2nH32jGO8OsKmsxb1yhN%2FDaADrvvSo1itMiIo3VwmSoUOisAhQuF%2Bn8di24z0RtjTO5KYk3RwTrlNELo7GpwKZgjyqHh806IoVzNQpK90o26FoHHw%2BmPII9QDsCTQu125kSXOEjGtrhOU3u0y3xlq1a6awj%2F3KUrAdnBAlHH2SjZMe67oY0oZzxgLERZ1PaMS1IZSF3xFstI%2FI8HHM2YdN9wKfD8YSHOc%2FCoRyzHQMIJQtbGWIDK40u0y4iLS0csOGAB9uAi2AkWPBEvOQr%2FpXSUumXy13tehGKm%2B02GfTpHsHiKVkrIPGsa1ycjO3ZH1zGZt%2FFk%2Fi%2FmvGn5hk9s%2Bp9a3HXslfLxJQq%2F%2FDmZWneFhYyBxEJCI37J38PJf4E&RelayState=cookie%3A1711023301_ff04,0,0,96336
1711023350410,47575,HTTP Request - fidustest.skolverket,Non HTTP response code: java.net.SocketException,Thread Group 1-189,Test failed: code expected to contain /200/,147,147,https://idp-skolverket.dev.eduid.se/EduidSP/2021005208/sso/redirect?SAMLRequest=hZJfT4MwFMW%2FCun7VuhGmM0gmZuJS6YSQR98MYXeuWbQYm%2BZ%2Bu2F4Z%2F5Mt9uck9%2FJ%2Bf0zlHUVcMXrdvpe3htAZ33Xlca%2BXERk9ZqbgQq5FrUgNyVPFvcbDgb%2B7yxxpnSVMRbIIJ1yuil0djWYDOwB1XCw%2F0mJjvnGuSUbpVs0XUOY9yb6gB2D90INNupojAVuN0Y0dAez2h6l%2BXEW3VqpUVP%2FuUo2YxOCBIOY5Ctkj3rqh%2BylDKfBb4fMn9Ge6YFqSyUjnjrVUyeJRRRIMpSQDABKYpoJpk%2FKafRlrHoIoROhtjCWqMT2sWko01H%2FmTEgjxgPAh56D8RL%2F2Kf6m0VPrlfFfFIEJ%2BnefpaEj3CBaPyToBSeZ94%2FxobE%2F%2B4DxWfBdPkv9qxp%2Ba5%2FTEavBt%2BG3HXq9SU6nyw1tUlXlbWhAOYhIQmgxP%2Fh5K8gk%3D&RelayState=cookie%3A1711023350_58fc,184,0,122
1711023350410,184,HTTP Request - fidustest.skolverket-0,302,Thread Group 1-189,,147,147,https://fidustest.skolverket.se/Shibboleth.sso/Login?target=https://fidustest.skolverket.se/secure&entityID=https://idp-skolverket.dev.eduid.se/2021005208,184,0,122
1711023350595,47390,HTTP Request - fidustest.skolverket-1,Non HTTP response code: java.net.SocketException,Thread Group 1-189,,147,147,https://idp-skolverket.dev.eduid.se/EduidSP/2021005208/sso/redirect?SAMLRequest=hZJfT4MwFMW%2FCun7VuhGmM0gmZuJS6YSQR98MYXeuWbQYm%2BZ%2Bu2F4Z%2F5Mt9uck9%2FJ%2Bf0zlHUVcMXrdvpe3htAZ33Xlca%2BXERk9ZqbgQq5FrUgNyVPFvcbDgb%2B7yxxpnSVMRbIIJ1yuil0djWYDOwB1XCw%2F0mJjvnGuSUbpVs0XUOY9yb6gB2D90INNupojAVuN0Y0dAez2h6l%2BXEW3VqpUVP%2FuUo2YxOCBIOY5Ctkj3rqh%2BylDKfBb4fMn9Ge6YFqSyUjnjrVUyeJRRRIMpSQDABKYpoJpk%2FKafRlrHoIoROhtjCWqMT2sWko01H%2FmTEgjxgPAh56D8RL%2F2Kf6m0VPrlfFfFIEJ%2BnefpaEj3CBaPyToBSeZ94%2FxobE%2F%2B4DxWfBdPkv9qxp%2Ba5%2FTEavBt%2BG3HXq9SU6nyw1tUlXlbWhAOYhIQmgxP%2Fh5K8gk%3D&RelayState=cookie%3A1711023350_58fc,0,0,47390
1711023280407,117584,HTTP Request - fidustest.skolverket,Non HTTP response code: java.net.SocketException,Thread Group 1-49,Test failed: code expected to contain /200/,145,145,https://idp-skolverket.dev.eduid.se/EduidSP/2021005208/sso/redirect?SAMLRequest=hZJLT8MwEIT%2FSuR74jhN%2BrCaSqFFolKBqCkcuKA8ttRqagevU%2BDf4zQ8yqVIPqzk8TeaWU8xP9QNT1qzk2t4bQGN836oJfLTRUxaLbnKUSCX%2BQGQm5Jnye2KB57PG62MKlVNnAQRtBFKzpXE9gA6A30UJTysVzHZGdMgp3QrqhaNdfBwr%2Boj6D3YEWi2E0WhajA7D1HRDh%2FQ9D7bEGdh1ULmHfmXI6rGPSNUcPSgakXVsa67IUtp4AfM96PAH9OOqaESGkpDnOUiJs8wCQsWThiwIhqG%2BWBoTzSasGG0HQ9GW9%2FKEFtYSjS5NDGxtND1B27ANizgLOSh%2F0Sc9Cv%2BlZCVkC%2BXuyp6EfKbzSZ1%2B3SPoPGUzArIbNo1zk%2FG%2BmwHl7H5d%2FFk9l%2FN%2BFPzlJ5Z9b4Nv7Ps5SJVtSg%2FnKSu1dtcQ24gJozQWf%2Fk70eZfQI%3D&RelayState=cookie%3A1711023280_1ffa,139,0,86
1711023280407,139,HTTP Request - fidustest.skolverket-0,302,Thread Group 1-49,,145,145,https://fidustest.skolverket.se/Shibboleth.sso/Login?target=https://fidustest.skolverket.se/secure&entityID=https://idp-skolverket.dev.eduid.se/2021005208,139,0,86
1711023280547,117444,HTTP Request - fidustest.skolverket-1,Non HTTP response code: java.net.SocketException,Thread Group 1-49,,145,145,https://idp-skolverket.dev.eduid.se/EduidSP/2021005208/sso/redirect?SAMLRequest=hZJLT8MwEIT%2FSuR74jhN%2BrCaSqFFolKBqCkcuKA8ttRqagevU%2BDf4zQ8yqVIPqzk8TeaWU8xP9QNT1qzk2t4bQGN836oJfLTRUxaLbnKUSCX%2BQGQm5Jnye2KB57PG62MKlVNnAQRtBFKzpXE9gA6A30UJTysVzHZGdMgp3QrqhaNdfBwr%2Boj6D3YEWi2E0WhajA7D1HRDh%2FQ9D7bEGdh1ULmHfmXI6rGPSNUcPSgakXVsa67IUtp4AfM96PAH9OOqaESGkpDnOUiJs8wCQsWThiwIhqG%2BWBoTzSasGG0HQ9GW9%2FKEFtYSjS5NDGxtND1B27ANizgLOSh%2F0Sc9Cv%2BlZCVkC%2BXuyp6EfKbzSZ1%2B3SPoPGUzArIbNo1zk%2FG%2BmwHl7H5d%2FFk9l%2FN%2BFPzlJ5Z9b4Nv7Ps5SJVtSg%2FnKSu1dtcQ24gJozQWf%2Fk70eZfQI%3D&RelayState=cookie%3A1711023280_1ffa,0,0,117444
1711023256909,141081,HTTP Request - fidustest.skolverket,Non HTTP response code: java.net.SocketException,Thread Group 1-2,Test failed: code expected to contain /200/,145,145,https://idp-skolverket.dev.eduid.se/EduidSP/2021005208/sso/redirect?SAMLRequest=hZJbT4NAEIX%2FCtl3WC6l4KaQYGtik6qkoA%2B%2BGAqjbAq7uLNU%2FfdC8VJf6tskc%2FY7OWdngUXbdCzpdS228NoDauO9bQSy4yIivRJMFsiRiaIFZLpkWXKzYa5ls05JLUvZECNBBKW5FEspsG9BZaAOvIT77SYitdYdMkqfedWjHhws3MvmAGoPwwg0q%2FluJxvQtYUo6Yh3aXqX5cRYDWouipH8y%2BFVZ54QKjhYUPW8GllX45Cl1LVdx7Z91w7pyFRQcQWlJsZ6FZEn8MN56Hmu5xWBY%2FtBeTEPbQ%2FCsAqDwC9ngwyxh7VAXQgdkYE2M23PdJ3ccZkzY07wSIz0K%2F4lFxUXL%2Be72k0iZNd5nppTugdQeEw2CEi8GBtnR2N18gfnscV38ST%2Br2b8qXlBT6wm347dDuz1KpUNLz%2BMpGnk21JBoSEiDqHx9OTvocSf&RelayState=cookie%3A1711023257_1dee,131,0,90
1711023256909,131,HTTP Request - fidustest.skolverket-0,302,Thread Group 1-2,,145,145,https://fidustest.skolverket.se/Shibboleth.sso/Login?target=https://fidustest.skolverket.se/secure&entityID=https://idp-skolverket.dev.eduid.se/2021005208,131,0,90
1711023257040,140950,HTTP Request - fidustest.skolverket-1,Non HTTP response code: java.net.SocketException,Thread Group 1-2,,145,145,https://idp-skolverket.dev.eduid.se/EduidSP/2021005208/sso/redirect?SAMLRequest=hZJbT4NAEIX%2FCtl3WC6l4KaQYGtik6qkoA%2B%2BGAqjbAq7uLNU%2FfdC8VJf6tskc%2FY7OWdngUXbdCzpdS228NoDauO9bQSy4yIivRJMFsiRiaIFZLpkWXKzYa5ls05JLUvZECNBBKW5FEspsG9BZaAOvIT77SYitdYdMkqfedWjHhws3MvmAGoPwwg0q%2FluJxvQtYUo6Yh3aXqX5cRYDWouipH8y%2BFVZ54QKjhYUPW8GllX45Cl1LVdx7Z91w7pyFRQcQWlJsZ6FZEn8MN56Hmu5xWBY%2FtBeTEPbQ%2FCsAqDwC9ngwyxh7VAXQgdkYE2M23PdJ3ccZkzY07wSIz0K%2F4lFxUXL%2Be72k0iZNd5nppTugdQeEw2CEi8GBtnR2N18gfnscV38ST%2Br2b8qXlBT6wm347dDuz1KpUNLz%2BMpGnk21JBoSEiDqHx9OTvocSf&RelayState=cookie%3A1711023257_1dee,0,0,140950
1711023334408,63578,HTTP Request - fidustest.skolverket,Non HTTP response code: java.net.SocketException,Thread Group 1-157,Test failed: code expected to contain /200/,145,145,https://idp-skolverket.dev.eduid.se/EduidSP/2021005208/sso/redirect?SAMLRequest=hZJfT8IwFMW%2FytJ3aFcGYsNIJphIgrow9MEX06130jDa2duhfns38A%2B%2B4NtN7unv5JzeCcpdVYuk8RuzgtcG0Afvu8qgOCxi0jgjrESNwsgdoPCFyJLbpeB9JmpnvS1sRYIEEZzX1syswWYHLgO31wU8rJYx2Xhfo6C01KpB3zr0cWurPbgttCPQbKPz3FbgN31ESzs8p%2Bl9tibBvFVrIzvyL0erundCULDvg2q06ljX3ZCllDMeMjbkbEw7pgOlHRSeBIt5TJ755ZBfXpQwLiIWDUdyMC5lzsKIqXygRmXeyhAbWBj00viYtLSoxwY9Hq5DLsKhGERPJEi%2F4l9po7R5Od9VfhShuFmv094x3SM4PCRrBWQ66RoXB2N38gfnsfK7eDL9r2b8qXlCT6yOvrW4a9mLeWorXXwESVXZt5kD6SEmIaHT45O%2FhzL9BA%3D%3D&RelayState=cookie%3A1711023334_963e,150,0,86
1711023334408,150,HTTP Request - fidustest.skolverket-0,302,Thread Group 1-157,,145,145,https://fidustest.skolverket.se/Shibboleth.sso/Login?target=https://fidustest.skolverket.se/secure&entityID=https://idp-skolverket.dev.eduid.se/2021005208,150,0,86
1711023334559,63427,HTTP Request - fidustest.skolverket-1,Non HTTP response code: java.net.SocketException,Thread Group 1-157,,145,145,https://idp-skolverket.dev.eduid.se/EduidSP/2021005208/sso/redirect?SAMLRequest=hZJfT8IwFMW%2FytJ3aFcGYsNIJphIgrow9MEX06130jDa2duhfns38A%2B%2B4NtN7unv5JzeCcpdVYuk8RuzgtcG0Afvu8qgOCxi0jgjrESNwsgdoPCFyJLbpeB9JmpnvS1sRYIEEZzX1syswWYHLgO31wU8rJYx2Xhfo6C01KpB3zr0cWurPbgttCPQbKPz3FbgN31ESzs8p%2Bl9tibBvFVrIzvyL0erundCULDvg2q06ljX3ZCllDMeMjbkbEw7pgOlHRSeBIt5TJ755ZBfXpQwLiIWDUdyMC5lzsKIqXygRmXeyhAbWBj00viYtLSoxwY9Hq5DLsKhGERPJEi%2F4l9po7R5Od9VfhShuFmv094x3SM4PCRrBWQ66RoXB2N38gfnsfK7eDL9r2b8qXlCT6yOvrW4a9mLeWorXXwESVXZt5kD6SEmIaHT45O%2FhzL9BA%3D%3D&RelayState=cookie%3A1711023334_963e,0,0,63427
1711023276411,121581,HTTP Request - fidustest.skolverket,Non HTTP response code: java.net.SocketException,Thread Group 1-41,Test failed: code expected to contain /200/,143,143,https://idp-skolverket.dev.eduid.se/EduidSP/2021005208/sso/redirect?SAMLRequest=hZJfT4MwFMW%2FCun7VigwZzNIcDNxyVQypg%2B%2BmA4u0gxa7C1Tv72w%2BWe%2BzLeb3NPfyTm9MxRN3fKks5Vaw2sHaJ33plbID4uIdEZxLVAiV6IB5DbnWXK74mzs8tZoq3NdEydBBGOlVnOtsGvAZGD2MoeH9SoilbUtckpLWXRoe4cx7nS9B7ODfgSaVXK71TXYaoyo6YBnNL3PNsRZ9GqpxED%2B5ciiHZ0QCtiPoehkMbCuhyFLKXOZ57ohc6d0YBoopIHcEme5iMhzWbKpX14Gpe%2BxwL10WTi5EGwaAAtEGYailyF2sFRohbIR6WnByPVHzNt4jHsB9ydPxEm%2F4l9JVUj1cr6r7VGE%2FGazSUfHdI9g8JCsF5B4NjTOD8bm5A%2FOY8V38ST%2Br2b8qXlGT6yOvi2%2F69nLRaprmX84SV3rt7kBYSEiHqHx8cnfQ4k%2FAQ%3D%3D&RelayState=cookie%3A1711023276_c077,193,0,114
1711023276411,193,HTTP Request - fidustest.skolverket-0,302,Thread Group 1-41,,143,143,https://fidustest.skolverket.se/Shibboleth.sso/Login?target=https://fidustest.skolverket.se/secure&entityID=https://idp-skolverket.dev.eduid.se/2021005208,193,0,114
1711023276604,121388,HTTP Request - fidustest.skolverket-1,Non HTTP response code: java.net.SocketException,Thread Group 1-41,,143,143,https://idp-skolverket.dev.eduid.se/EduidSP/2021005208/sso/redirect?SAMLRequest=hZJfT4MwFMW%2FCun7VigwZzNIcDNxyVQypg%2B%2BmA4u0gxa7C1Tv72w%2BWe%2BzLeb3NPfyTm9MxRN3fKks5Vaw2sHaJ33plbID4uIdEZxLVAiV6IB5DbnWXK74mzs8tZoq3NdEydBBGOlVnOtsGvAZGD2MoeH9SoilbUtckpLWXRoe4cx7nS9B7ODfgSaVXK71TXYaoyo6YBnNL3PNsRZ9GqpxED%2B5ciiHZ0QCtiPoehkMbCuhyFLKXOZ57ohc6d0YBoopIHcEme5iMhzWbKpX14Gpe%2BxwL10WTi5EGwaAAtEGYailyF2sFRohbIR6WnByPVHzNt4jHsB9ydPxEm%2F4l9JVUj1cr6r7VGE%2FGazSUfHdI9g8JCsF5B4NjTOD8bm5A%2FOY8V38ST%2Br2b8qXlGT6yOvi2%2F69nLRaprmX84SV3rt7kBYSEiHqHx8cnfQ4k%2FAQ%3D%3D&RelayState=cookie%3A1711023276_c077,0,0,121388
1711023300407,97585,HTTP Request - fidustest.skolverket,Non HTTP response code: java.net.SocketException,Thread Group 1-89,Test failed: code expected to contain /200/,141,141,https://idp-skolverket.dev.eduid.se/EduidSP/2021005208/sso/redirect?SAMLRequest=hZJfT4MwFMW%2FCuk7FLotbs0gwc3EJVOJoA%2B%2BmAJ30gxa7C1Tv70w%2FDNfZvpyk57%2BTs65XaJo6pbHna3UPbx2gNZ5b2qF%2FHgRks4orgVK5Eo0gNwWPI1vtpx5Pm%2BNtrrQNXFiRDBWarXSCrsGTArmIAt4uN%2BGpLK2RU7pTpYd2t7Bw72uD2D20I9A00rmua7BVh6ipgOe0eQuzYiz7tVSiYH8y5Fl654QSjh4UHayHFhXw5AmlPks8P0Z8%2Bd0YBoopYHCEmezDsnzguXBDmASzBdQTi%2F6s9jNQQArJmIWQN7LEDvYKLRC2ZD0tKnrT1wWZAHjwYz7%2FhNxkq%2F4l1KVUr2c7yofRcivsyxxx3SPYPCYrBeQaDk0zo%2FG5mQH57Hiu3gS%2FVcz%2FtS8pCdWo2%2FLb3v2Zp3oWhYfTlzX%2Bm1lQFgISUBoND75%2B1GiTw%3D%3D&RelayState=cookie%3A1711023300_561c,153,0,98
1711023300407,153,HTTP Request - fidustest.skolverket-0,302,Thread Group 1-89,,141,141,https://fidustest.skolverket.se/Shibboleth.sso/Login?target=https://fidustest.skolverket.se/secure&entityID=https://idp-skolverket.dev.eduid.se/2021005208,153,0,98
1711023300562,97430,HTTP Request - fidustest.skolverket-1,Non HTTP response code: java.net.SocketException,Thread Group 1-89,,141,141,https://idp-skolverket.dev.eduid.se/EduidSP/2021005208/sso/redirect?SAMLRequest=hZJfT4MwFMW%2FCuk7FLotbs0gwc3EJVOJoA%2B%2BmAJ30gxa7C1Tv70w%2FDNfZvpyk57%2BTs65XaJo6pbHna3UPbx2gNZ5b2qF%2FHgRks4orgVK5Eo0gNwWPI1vtpx5Pm%2BNtrrQNXFiRDBWarXSCrsGTArmIAt4uN%2BGpLK2RU7pTpYd2t7Bw72uD2D20I9A00rmua7BVh6ipgOe0eQuzYiz7tVSiYH8y5Fl654QSjh4UHayHFhXw5AmlPks8P0Z8%2Bd0YBoopYHCEmezDsnzguXBDmASzBdQTi%2F6s9jNQQArJmIWQN7LEDvYKLRC2ZD0tKnrT1wWZAHjwYz7%2FhNxkq%2F4l1KVUr2c7yofRcivsyxxx3SPYPCYrBeQaDk0zo%2FG5mQH57Hiu3gS%2FVcz%2FtS8pCdWo2%2FLb3v2Zp3oWhYfTlzX%2Bm1lQFgISUBoND75%2B1GiTw%3D%3D&RelayState=cookie%3A1711023300_561c,0,0,97430
1711023287906,110087,HTTP Request - fidustest.skolverket,Non HTTP response code: java.net.SocketException,Thread Group 1-64,Test failed: code expected to contain /200/,142,142,https://idp.dev.eduid.se/sso/redirect?SAMLRequest=jZJPT8MwDMW%2FSpR7m7awA9FWqVAQkzZR0YIQt9B4W7Q1KbE7sW9PVv5pl4mb%2FfSe%2FLPlqcVEFgNt7CO8D4DEPrqdRRnkGR%2B8lU6hCa3qACW1si6WC5nFiey9I9e6Hf8NpOcDChE8GWc5m5czbnRUFl1b4vrq0C%2F7YtUcXjh7Bo%2FBMuMhEXyIA8wtkrIUpCS7jJKLKEubNJPpRE4mr5yVgdlYRWNqQ9SjFMLoPtawj0EPRscIAtEJD9p4aImz6pv92lht7Po899uXCeV901RR9VA3nBU%2Fu9w4i0MHvga%2FNy08PS5OICLcut0e%2FBbolOf2WNSVUC2K3iHxfBoOKMeFPbtzvlN0HuuohBuuRqsES4YOPP%2FP7LHAfir%2BJubH5vQP8k8%3D&RelayState=qE1NKsyyacg4DRYM,164,0,118
1711023287906,164,HTTP Request - fidustest.skolverket-0,302,Thread Group 1-64,,142,142,https://fidustest.skolverket.se/Shibboleth.sso/Login?target=https://fidustest.skolverket.se/secure&entityID=https://idp-skolverket.dev.eduid.se/2021005208,164,0,118
1711023288071,67191,HTTP Request - fidustest.skolverket-1,303,Thread Group 1-64,,142,142,https://idp-skolverket.dev.eduid.se/EduidSP/2021005208/sso/redirect?SAMLRequest=hZJfT4MwFMW%2FCun71paxMJuxBDcTl0wlgj74YgrcSTPWYm%2BZ%2Bu2F4Z%2F5Mt9uck9%2FJ%2Bf0zlHu60bErav0Pby2gM5739caxXERkdZqYSQqFFruAYUrRBrfbIQ%2FZqKxxpnC1MSLEcE6ZfTSaGz3YFOwB1XAw%2F0mIpVzDQpKt6ps0XUOY9yZ%2BgB2B90INK1UnpsaXDVGNLTH%2BzS5SzPirTq10rIn%2F3JU2YxOCCUcxlC2quxZV%2F2QJtRnPmds6rMZ7ZkWSmWhcMRbryLyHMxCyVi4nTAeyIs8D3IupzIIwzAAXgLrZIgtrDU6qV1EOlowYpORzzPuCx6IYPZEvOQr%2FqXSpdIv57vKBxGK6yxLRkO6R7B4TNYJyGLeNy6OxvbkD85j5XfxZPFfzfhT85yeWA2%2Bjbjt2OtVYmpVfHhxXZu3pQXpICKc0MXw5O%2BhLD4B&RelayState=cookie%3A1711023288_a632,67191,0,67090
1711023355258,42730,HTTP Request - fidustest.skolverket-2,Non HTTP response code: java.net.SocketException,Thread Group 1-64,,142,142,https://idp.dev.eduid.se/sso/redirect?SAMLRequest=jZJPT8MwDMW%2FSpR7m7awA9FWqVAQkzZR0YIQt9B4W7Q1KbE7sW9PVv5pl4mb%2FfSe%2FLPlqcVEFgNt7CO8D4DEPrqdRRnkGR%2B8lU6hCa3qACW1si6WC5nFiey9I9e6Hf8NpOcDChE8GWc5m5czbnRUFl1b4vrq0C%2F7YtUcXjh7Bo%2FBMuMhEXyIA8wtkrIUpCS7jJKLKEubNJPpRE4mr5yVgdlYRWNqQ9SjFMLoPtawj0EPRscIAtEJD9p4aImz6pv92lht7Po899uXCeV901RR9VA3nBU%2Fu9w4i0MHvga%2FNy08PS5OICLcut0e%2FBbolOf2WNSVUC2K3iHxfBoOKMeFPbtzvlN0HuuohBuuRqsES4YOPP%2FP7LHAfir%2BJubH5vQP8k8%3D&RelayState=qE1NKsyyacg4DRYM,0,0,42729
1711023349907,48081,HTTP Request - fidustest.skolverket,Non HTTP response code: java.net.SocketException,Thread Group 1-188,Test failed: code expected to contain /200/,141,141,https://idp-skolverket.dev.eduid.se/EduidSP/2021005208/sso/redirect?SAMLRequest=hZJfT8IwFMW%2FytJ31q0MxIaRIJhIgrqw6YMvplsv0rC1s7dD%2FfZuzD%2F4gm83uae%2Fk3N6pyiqsubzxu30Bl4bQOe9V6VGflzEpLGaG4EKuRYVIHcFT%2Be3a878gNfWOFOYknhzRLBOGb0wGpsKbAr2oAp42KxjsnOuRk7pVskGXevg496UB7B7aEeg6U7luSnB7XxEQzs8o8l9mhFv2aqVFh35l6NkPTghSDj4IBslO9Z1N6QJZQELg2DEggntmBakslA44q2WMXneCjGOxsX4MpwUOVxEF5MR5JFkUsAwiraslSE2sNLohHYxaWnRIBgOWJiFjIcjPgqeiJd8xb9SWir9cr6rvBchv8myZNCnewSLx2StgMymXeP8aGxP%2FuA8VnwXT2b%2F1Yw%2FNU%2FpiVXvW%2FO7lr1aJqZUxYc3L0vztrAgHMQkJHTWP%2Fl7KLNP&RelayState=cookie%3A1711023350_5e5c,121,0,74
1711023349907,121,HTTP Request - fidustest.skolverket-0,302,Thread Group 1-188,,141,141,https://fidustest.skolverket.se/Shibboleth.sso/Login?target=https://fidustest.skolverket.se/secure&entityID=https://idp-skolverket.dev.eduid.se/2021005208,121,0,74
1711023350029,47959,HTTP Request - fidustest.skolverket-1,Non HTTP response code: java.net.SocketException,Thread Group 1-188,,141,141,https://idp-skolverket.dev.eduid.se/EduidSP/2021005208/sso/redirect?SAMLRequest=hZJfT8IwFMW%2FytJ31q0MxIaRIJhIgrqw6YMvplsv0rC1s7dD%2FfZuzD%2F4gm83uae%2Fk3N6pyiqsubzxu30Bl4bQOe9V6VGflzEpLGaG4EKuRYVIHcFT%2Be3a878gNfWOFOYknhzRLBOGb0wGpsKbAr2oAp42KxjsnOuRk7pVskGXevg496UB7B7aEeg6U7luSnB7XxEQzs8o8l9mhFv2aqVFh35l6NkPTghSDj4IBslO9Z1N6QJZQELg2DEggntmBakslA44q2WMXneCjGOxsX4MpwUOVxEF5MR5JFkUsAwiraslSE2sNLohHYxaWnRIBgOWJiFjIcjPgqeiJd8xb9SWir9cr6rvBchv8myZNCnewSLx2StgMymXeP8aGxP%2FuA8VnwXT2b%2F1Yw%2FNU%2FpiVXvW%2FO7lr1aJqZUxYc3L0vztrAgHMQkJHTWP%2Fl7KLNP&RelayState=cookie%3A1711023350_5e5c,0,0,47959
1711023285409,112584,HTTP Request - fidustest.skolverket,Non HTTP response code: java.net.SocketException,Thread Group 1-59,Test failed: code expected to contain /200/,140,140,https://idp-skolverket.dev.eduid.se/EduidSP/2021005208/sso/redirect?SAMLRequest=hZJfT4MwFMW%2FCuk7FMo2pRlLcDNxyVQypg%2B%2BGKB3rhm02Fumfnth%2BGe%2BzLeb3NPfyTm9U8zrquFJa3dqDa8toHXe60ohPy5i0hrFdY4SucprQG5LniW3K848nzdGW13qijgJIhgrtZprhW0NJgNzkCU8rFcx2VnbIKd0K0WLtnPwcK%2BrA5g9dCPQbCeLQldgdx6ipj2e0fQ%2B2xBn0amlynvyL0eKxj0hCDh4IFopetZ1P2QpZT4LfH%2FM%2FEvaMw0IaaC0xFkuYvIsthGUF4WYAEQh84MiZKOiDMU4ihi7mEAnQ2xhqdDmysako41cP3RZsAkYD0Z8NH4iTvoV%2F0oqIdXL%2Ba6KQYT8ZrNJ3SHdIxg8JusEZDbtG%2BdHY3PyB%2Bex%2BXfxZPZfzfhT85SeWA2%2BDb%2Fr2MtFqitZfjhJVem3uYHcQkwCQmfDk7%2BHMvsE&RelayState=cookie%3A1711023285_55ad,201,0,104
1711023285409,201,HTTP Request - fidustest.skolverket-0,302,Thread Group 1-59,,140,140,https://fidustest.skolverket.se/Shibboleth.sso/Login?target=https://fidustest.skolverket.se/secure&entityID=https://idp-skolverket.dev.eduid.se/2021005208,201,0,104
1711023285610,112383,HTTP Request - fidustest.skolverket-1,Non HTTP response code: java.net.SocketException,Thread Group 1-59,,140,140,https://idp-skolverket.dev.eduid.se/EduidSP/2021005208/sso/redirect?SAMLRequest=hZJfT4MwFMW%2FCuk7FMo2pRlLcDNxyVQypg%2B%2BGKB3rhm02Fumfnth%2BGe%2BzLeb3NPfyTm9U8zrquFJa3dqDa8toHXe60ohPy5i0hrFdY4SucprQG5LniW3K848nzdGW13qijgJIhgrtZprhW0NJgNzkCU8rFcx2VnbIKd0K0WLtnPwcK%2BrA5g9dCPQbCeLQldgdx6ipj2e0fQ%2B2xBn0amlynvyL0eKxj0hCDh4IFopetZ1P2QpZT4LfH%2FM%2FEvaMw0IaaC0xFkuYvIsthGUF4WYAEQh84MiZKOiDMU4ihi7mEAnQ2xhqdDmysako41cP3RZsAkYD0Z8NH4iTvoV%2F0oqIdXL%2Ba6KQYT8ZrNJ3SHdIxg8JusEZDbtG%2BdHY3PyB%2Bex%2BXfxZPZfzfhT85SeWA2%2BDb%2Fr2MtFqitZfjhJVem3uYHcQkwCQmfDk7%2BHMvsE&RelayState=cookie%3A1711023285_55ad,0,0,112383
1711023342407,55581,HTTP Request - fidustest.skolverket,Non HTTP response code: java.net.SocketException,Thread Group 1-173,Test failed: code expected to contain /200/,140,140,https://idp-skolverket.dev.eduid.se/EduidSP/2021005208/sso/redirect?SAMLRequest=hZJfT8IwFMW%2FytJ3aNcN0IaRTDCRBHVh6IMvplsv0jDa2duhfns38A%2B%2B4NtN7unv5JzeMcpdVYu08RuzhNcG0Afvu8qgOCwS0jgjrESNwsgdoPClyNPbheB9JmpnvS1tRYIUEZzX1kytwWYHLge31yU8LBcJ2Xhfo6B0rVWDvnXo49ZWe3BbaEeg%2BUYXha3Ab%2FqIlnZ4TrP7fEWCWavWRnbkX45Wde%2BEoGDfB9Vo1bGuuyHPKGc8ZGzA2QXtmA6UdlB6EsxnCXlmfFjIqLyESEbrEYdYqYJHBRuoeKSGIWtliA3MDXppfEJaWtxjUY%2BHq5CLcCBi%2FkSC7Cv%2BlTZKm5fzXRVHEYqb1SrrHdM9gsNDslZAJuOucXEwdid%2FcB4rv4snk%2F9qxp%2Bax%2FTE6uhbi7uWPZ9lttLlR5BWlX2bOpAeEhISOjk%2B%2BXsok08%3D&RelayState=cookie%3A1711023342_85fb,203,0,154
1711023342407,203,HTTP Request - fidustest.skolverket-0,302,Thread Group 1-173,,140,140,https://fidustest.skolverket.se/Shibboleth.sso/Login?target=https://fidustest.skolverket.se/secure&entityID=https://idp-skolverket.dev.eduid.se/2021005208,203,0,154
1711023342612,55376,HTTP Request - fidustest.skolverket-1,Non HTTP response code: java.net.SocketException,Thread Group 1-173,,140,140,https://idp-skolverket.dev.eduid.se/EduidSP/2021005208/sso/redirect?SAMLRequest=hZJfT8IwFMW%2FytJ3aNcN0IaRTDCRBHVh6IMvplsv0jDa2duhfns38A%2B%2B4NtN7unv5JzeMcpdVYu08RuzhNcG0Afvu8qgOCwS0jgjrESNwsgdoPClyNPbheB9JmpnvS1tRYIUEZzX1kytwWYHLge31yU8LBcJ2Xhfo6B0rVWDvnXo49ZWe3BbaEeg%2BUYXha3Ab%2FqIlnZ4TrP7fEWCWavWRnbkX45Wde%2BEoGDfB9Vo1bGuuyHPKGc8ZGzA2QXtmA6UdlB6EsxnCXlmfFjIqLyESEbrEYdYqYJHBRuoeKSGIWtliA3MDXppfEJaWtxjUY%2BHq5CLcCBi%2FkSC7Cv%2BlTZKm5fzXRVHEYqb1SrrHdM9gsNDslZAJuOucXEwdid%2FcB4rv4snk%2F9qxp%2Bax%2FTE6uhbi7uWPZ9lttLlR5BWlX2bOpAeEhISOjk%2B%2BXsok08%3D&RelayState=cookie%3A1711023342_85fb,0,0,55376
1711023346408,51580,HTTP Request - fidustest.skolverket,Non HTTP response code: java.net.SocketException,Thread Group 1-181,Test failed: code expected to contain /200/,138,138,https://idp-skolverket.dev.eduid.se/EduidSP/2021005208/sso/redirect?SAMLRequest=hZJfT8IwFMW%2FytJ3aFeZQsNIJphIgrow9MEX06130jDa2duhfns35h980beb3NPfyTm9U5T7qhZJ47dmDS8NoA%2Fe9pVBcVzEpHFGWIkahZF7QOELkSU3K8GHTNTOelvYigQJIjivrZlbg80eXAbuoAu4X69isvW%2BRkFpqVWDvnUY4s5WB3A7aEeg2Vbnua3Ab4eIlnZ4TtO7bEOCRavWRnbkH45W9eCEoOAwBNVo1bGuuiFLKWc8ZCzibEw7pgOlHRSeBMtFTJ7GKrzI5biQIVcqL1kZAZuMJoyPJ1HJS97KEBtYGvTS%2BJi0tNGAnQ14uAm5CCMxOn8kQfoZ%2F1Ibpc3z313lvQjF9WaTDvp0D%2BDwmKwVkNm0a1wcjd3JH%2FyNlV%2FFk9l%2FNeN3zVN6YtX71uK2ZS8Xqa108R4kVWVf5w6kh5iEhM76J78PZfYB&RelayState=cookie%3A1711023346_5a01,387,0,130
1711023346408,387,HTTP Request - fidustest.skolverket-0,302,Thread Group 1-181,,138,138,https://fidustest.skolverket.se/Shibboleth.sso/Login?target=https://fidustest.skolverket.se/secure&entityID=https://idp-skolverket.dev.eduid.se/2021005208,387,0,130
1711023346795,51193,HTTP Request - fidustest.skolverket-1,Non HTTP response code: java.net.SocketException,Thread Group 1-181,,138,138,https://idp-skolverket.dev.eduid.se/EduidSP/2021005208/sso/redirect?SAMLRequest=hZJfT8IwFMW%2FytJ3aFeZQsNIJphIgrow9MEX06130jDa2duhfns35h980beb3NPfyTm9U5T7qhZJ47dmDS8NoA%2Fe9pVBcVzEpHFGWIkahZF7QOELkSU3K8GHTNTOelvYigQJIjivrZlbg80eXAbuoAu4X69isvW%2BRkFpqVWDvnUY4s5WB3A7aEeg2Vbnua3Ab4eIlnZ4TtO7bEOCRavWRnbkH45W9eCEoOAwBNVo1bGuuiFLKWc8ZCzibEw7pgOlHRSeBMtFTJ7GKrzI5biQIVcqL1kZAZuMJoyPJ1HJS97KEBtYGvTS%2BJi0tNGAnQ14uAm5CCMxOn8kQfoZ%2F1Ibpc3z313lvQjF9WaTDvp0D%2BDwmKwVkNm0a1wcjd3JH%2FyNlV%2FFk9l%2FNeN3zVN6YtX71uK2ZS8Xqa108R4kVWVf5w6kh5iEhM76J78PZfYB&RelayState=cookie%3A1711023346_5a01,0,0,51193
1711023324408,73581,HTTP Request - fidustest.skolverket,Non HTTP response code: java.net.SocketException,Thread Group 1-137,Test failed: code expected to contain /200/,138,138,https://idp-skolverket.dev.eduid.se/EduidSP/2021005208/sso/redirect?SAMLRequest=hZJfT4MwFMW%2FCuk7FLrhZjOWzM3EJVPJmD74YoBepBm02Fumfnth%2BGe%2BzLeb3NPfyTm9M0zrquGL1pZqC68toHXe60ohPy4i0hrFdYoSuUprQG5znixuN5x5Pm%2BMtjrXFXEWiGCs1GqpFbY1mATMQebwsN1EpLS2QU5pIUWLtnPwcK%2BrA5g9dCPQpJRZpiuwpYeoaY9nNL5PdsRZdWqp0p78y5GicU8IAg4eiFaKnnXdD0lMmc8C3w%2BZP6U904CQBnJLnPUqIs%2FF5SQsQhGwLM%2FDMCsmxWg8SqeXIgymF2MBnQyxhbVCmyobkY42dv2Ry4JdwHgQcjZ%2BIk78Ff9KKiHVy%2FmuskGE%2FGa3i90h3SMYPCbrBGQ%2B6xvnR2Nz8gfnsel38WT%2BX834U%2FOMnlgNvg2%2F69jrVawrmX84i6rSb0sDqYWIBITOhyd%2FD2X%2BCQ%3D%3D&RelayState=cookie%3A1711023324_247c,167,0,126
1711023324408,167,HTTP Request - fidustest.skolverket-0,302,Thread Group 1-137,,138,138,https://fidustest.skolverket.se/Shibboleth.sso/Login?target=https://fidustest.skolverket.se/secure&entityID=https://idp-skolverket.dev.eduid.se/2021005208,167,0,126
1711023324575,73414,HTTP Request - fidustest.skolverket-1,Non HTTP response code: java.net.SocketException,Thread Group 1-137,,138,138,https://idp-skolverket.dev.eduid.se/EduidSP/2021005208/sso/redirect?SAMLRequest=hZJfT4MwFMW%2FCuk7FLrhZjOWzM3EJVPJmD74YoBepBm02Fumfnth%2BGe%2BzLeb3NPfyTm9M0zrquGL1pZqC68toHXe60ohPy4i0hrFdYoSuUprQG5znixuN5x5Pm%2BMtjrXFXEWiGCs1GqpFbY1mATMQebwsN1EpLS2QU5pIUWLtnPwcK%2BrA5g9dCPQpJRZpiuwpYeoaY9nNL5PdsRZdWqp0p78y5GicU8IAg4eiFaKnnXdD0lMmc8C3w%2BZP6U904CQBnJLnPUqIs%2FF5SQsQhGwLM%2FDMCsmxWg8SqeXIgymF2MBnQyxhbVCmyobkY42dv2Ry4JdwHgQcjZ%2BIk78Ff9KKiHVy%2FmuskGE%2FGa3i90h3SMYPCbrBGQ%2B6xvnR2Nz8gfnsel38WT%2BX834U%2FOMnlgNvg2%2F69jrVawrmX84i6rSb0sDqYWIBITOhyd%2FD2X%2BCQ%3D%3D&RelayState=cookie%3A1711023324_247c,0,0,73414
1711023280910,117084,HTTP Request - fidustest.skolverket,Non HTTP response code: java.net.SocketException,Thread Group 1-50,Test failed: code expected to contain /200/,136,136,https://idp-skolverket.dev.eduid.se/EduidSP/2021005208/sso/redirect?SAMLRequest=hZJfT4MwFMW%2FCuk7a8FpRjNIcDNxyVQi6IMvpqMXaQYt9pap317Y%2FDNf5ttN7unv5JzeOYq26Xjau1rfw2sP6Lz3ttHI94uY9FZzI1Ah16IF5K7keXqz5uGE8c4aZ0rTEC9FBOuU0QujsW%2FB5mB3qoSH%2B3VMauc65JRWSvboBocJbk2zA7uFYQSa12qzMQ24eoJo6IgPaXaXF8RbDmqlxUj%2B5SjZ%2BUcECbsJyF7JkXU1DnlGQxYGjJ2HbEZHpgWpLJSOeKtlTJ4hElJUUcQEsLKKqkqGQgQXQQRMVmxWDTLEHlYandAuJgNt6rMzPwyKIOTBlE%2BDJ%2BJlX%2FEvlZZKv5zuanMQIb8uisw%2FpHsEi%2Ftkg4Ak87Fxvje2R39wGiu%2BiyfJfzXjT81zemR18O347cBeLTPTqPLDS5vGvC0sCAcxCQhNDk%2F%2BHkryCQ%3D%3D&RelayState=cookie%3A1711023281_1625,149,0,97
1711023280910,149,HTTP Request - fidustest.skolverket-0,302,Thread Group 1-50,,136,136,https://fidustest.skolverket.se/Shibboleth.sso/Login?target=https://fidustest.skolverket.se/secure&entityID=https://idp-skolverket.dev.eduid.se/2021005208,149,0,97
1711023281060,116934,HTTP Request - fidustest.skolverket-1,Non HTTP response code: java.net.SocketException,Thread Group 1-50,,136,136,https://idp-skolverket.dev.eduid.se/EduidSP/2021005208/sso/redirect?SAMLRequest=hZJfT4MwFMW%2FCuk7a8FpRjNIcDNxyVQi6IMvpqMXaQYt9pap317Y%2FDNf5ttN7unv5JzeOYq26Xjau1rfw2sP6Lz3ttHI94uY9FZzI1Ah16IF5K7keXqz5uGE8c4aZ0rTEC9FBOuU0QujsW%2FB5mB3qoSH%2B3VMauc65JRWSvboBocJbk2zA7uFYQSa12qzMQ24eoJo6IgPaXaXF8RbDmqlxUj%2B5SjZ%2BUcECbsJyF7JkXU1DnlGQxYGjJ2HbEZHpgWpLJSOeKtlTJ4hElJUUcQEsLKKqkqGQgQXQQRMVmxWDTLEHlYandAuJgNt6rMzPwyKIOTBlE%2BDJ%2BJlX%2FEvlZZKv5zuanMQIb8uisw%2FpHsEi%2Ftkg4Ak87Fxvje2R39wGiu%2BiyfJfzXjT81zemR18O347cBeLTPTqPLDS5vGvC0sCAcxCQhNDk%2F%2BHkryCQ%3D%3D&RelayState=cookie%3A1711023281_1625,0,0,116934
1711023295908,102086,HTTP Request - fidustest.skolverket,Non HTTP response code: java.net.SocketException,Thread Group 1-80,Test failed: code expected to contain /200/,134,134,https://idp-skolverket.dev.eduid.se/EduidSP/2021005208/sso/redirect?SAMLRequest=hZJfb4IwFMW%2FCuk7FBBFGzFxumQmbiPi9rCXpdDrbISW9Ra3ffuB7I97cW83uae%2Fk3N6p8irsmbzxu7VBl4bQOu8V6VCdlokpDGKaY4SmeIVILMFy%2Ba3axZ6PquNtrrQJXHmiGCs1GqhFTYVmAzMURbwsFknZG9tjYzSnRQN2tbBw4Muj2AO0I5As73Mc12C3XuImnb4kKb32ZY4y1YtFe%2FIvxwpaveMIODogWik6FjX3ZClNPTDwPeHoT%2BmHdOAkAYKS5zVMiHPIpqMJ1E8DnwexXyU70Y7nuc8HIo4jwaxaGWIDawUWq5sQlpa5PoDNwy2QciCiA1HT8RJv%2BJfSSWkerncVd6LkN1st6nbp3sEg6dkrYDMpl3j7GRszv7gMpZ%2FF09m%2F9WMPzVP6ZlV71uzu5a9Wqa6lMWHMy9L%2FbYwwC0kJCB01j%2F5eyizTw%3D%3D&RelayState=cookie%3A1711023296_81bd,153,0,92
1711023295908,153,HTTP Request - fidustest.skolverket-0,302,Thread Group 1-80,,134,134,https://fidustest.skolverket.se/Shibboleth.sso/Login?target=https://fidustest.skolverket.se/secure&entityID=https://idp-skolverket.dev.eduid.se/2021005208,153,0,92
1711023296062,101932,HTTP Request - fidustest.skolverket-1,Non HTTP response code: java.net.SocketException,Thread Group 1-80,,134,134,https://idp-skolverket.dev.eduid.se/EduidSP/2021005208/sso/redirect?SAMLRequest=hZJfb4IwFMW%2FCuk7FBBFGzFxumQmbiPi9rCXpdDrbISW9Ra3ffuB7I97cW83uae%2Fk3N6p8irsmbzxu7VBl4bQOu8V6VCdlokpDGKaY4SmeIVILMFy%2Ba3axZ6PquNtrrQJXHmiGCs1GqhFTYVmAzMURbwsFknZG9tjYzSnRQN2tbBw4Muj2AO0I5As73Mc12C3XuImnb4kKb32ZY4y1YtFe%2FIvxwpaveMIODogWik6FjX3ZClNPTDwPeHoT%2BmHdOAkAYKS5zVMiHPIpqMJ1E8DnwexXyU70Y7nuc8HIo4jwaxaGWIDawUWq5sQlpa5PoDNwy2QciCiA1HT8RJv%2BJfSSWkerncVd6LkN1st6nbp3sEg6dkrYDMpl3j7GRszv7gMpZ%2FF09m%2F9WMPzVP6ZlV71uzu5a9Wqa6lMWHMy9L%2FbYwwC0kJCB01j%2F5eyizTw%3D%3D&RelayState=cookie%3A1711023296_81bd,0,0,101932
1711023281910,116085,HTTP Request - fidustest.skolverket,Non HTTP response code: java.net.SocketException,Thread Group 1-52,Test failed: code expected to contain /200/,133,133,https://idp-skolverket.dev.eduid.se/EduidSP/2021005208/sso/redirect?SAMLRequest=hZJfT8IwFMW%2FytJ36NptRBpGMsFEEtTFoQ%2B%2BmG29SENpZ2%2BH%2Bu3dwD%2F4gm83uae%2Fk3N6J1judCOy1m%2FMPby2gD5432mD4rBISeuMsCUqFKbcAQpfiyK7WQo%2BDEXjrLe11STIEMF5Zc3MGmx34Apwe1XDw%2F0yJRvvGxSUrpVs0XcOQ9xavQe3hW4EWmxUVVkNfjNEtLTHc5rfFSsSzDu1MmVP%2FuUo2QxOCBL2Q5Ctkj3rqh%2BKnPKQszBMeHhBe6YDqRzUngSLeUqeo%2FE4qmoGTEISj%2BpRwjmwiI0hqcOErUedDLGFhUFfGp%2BSjhYPwmjA2YpxwWIR8ycS5F%2FxL5WRyryc76o6ilBcr1b54JjuERweknUCMp30jYuDsTv5g%2FPY8rt4Mv2vZvypeUJPrI6%2Bjbjt2It5brWqP4JMa%2Fs2c1B6SAkjdHp88vdQpp8%3D&RelayState=cookie%3A1711023282_1792,174,0,120
1711023281910,175,HTTP Request - fidustest.skolverket-0,302,Thread Group 1-52,,133,133,https://fidustest.skolverket.se/Shibboleth.sso/Login?target=https://fidustest.skolverket.se/secure&entityID=https://idp-skolverket.dev.eduid.se/2021005208,174,0,120
1711023282088,115907,HTTP Request - fidustest.skolverket-1,Non HTTP response code: java.net.SocketException,Thread Group 1-52,,133,133,https://idp-skolverket.dev.eduid.se/EduidSP/2021005208/sso/redirect?SAMLRequest=hZJfT8IwFMW%2FytJ36NptRBpGMsFEEtTFoQ%2B%2BmG29SENpZ2%2BH%2Bu3dwD%2F4gm83uae%2Fk3N6J1judCOy1m%2FMPby2gD5432mD4rBISeuMsCUqFKbcAQpfiyK7WQo%2BDEXjrLe11STIEMF5Zc3MGmx34Apwe1XDw%2F0yJRvvGxSUrpVs0XcOQ9xavQe3hW4EWmxUVVkNfjNEtLTHc5rfFSsSzDu1MmVP%2FuUo2QxOCBL2Q5Ctkj3rqh%2BKnPKQszBMeHhBe6YDqRzUngSLeUqeo%2FE4qmoGTEISj%2BpRwjmwiI0hqcOErUedDLGFhUFfGp%2BSjhYPwmjA2YpxwWIR8ycS5F%2FxL5WRyryc76o6ilBcr1b54JjuERweknUCMp30jYuDsTv5g%2FPY8rt4Mv2vZvypeUJPrI6%2Bjbjt2It5brWqP4JMa%2Fs2c1B6SAkjdHp88vdQpp8%3D&RelayState=cookie%3A1711023282_1792,0,0,115907
1711023292908,105086,HTTP Request - fidustest.skolverket,Non HTTP response code: java.net.SocketException,Thread Group 1-74,Test failed: code expected to contain /200/,132,132,https://idp-skolverket.dev.eduid.se/EduidSP/2021005208/sso/redirect?SAMLRequest=hZJfT8IwFMW%2FytJ36NYNAg0jmWAiCerC0AdfTLdeXMNoZ2%2BH%2Bu3dmH%2FwBd9uck9%2FJ%2Bf0zlAcqponjSv1Bl4bQOe9HyqN%2FLSISWM1NwIVci0OgNwVPEtu15wNfV5b40xhKuIliGCdMnphNDYHsBnYoyrgYbOOSelcjZzSnZINutZhiHtTHcHuoR2BZqXKc1OBK4eIhnZ4RtP7bEu8ZatWWnTkX46S9eCMIOE4BNko2bGuuyFLKfNZ4Psj5k9ox7QglYXCEW%2B1jMlzNGFhHoqcjf0glCLc5TIaRdNxzvKpDCbTVobYwEqjE9rFpKVFAz8csGAbMB5EfBQ%2BES%2F9in%2BltFT65XJXeS9CfrPdpoM%2B3SNYPCVrBWQ%2B6xrnJ2N79geXseK7eDL%2Fr2b8qXlGz6x635rftezVMjWVKj68pKrM28KCcBCTgNB5%2F%2BTvocw%2FAQ%3D%3D&RelayState=cookie%3A1711023293_6f69,178,0,133
1711023292908,178,HTTP Request - fidustest.skolverket-0,302,Thread Group 1-74,,132,132,https://fidustest.skolverket.se/Shibboleth.sso/Login?target=https://fidustest.skolverket.se/secure&entityID=https://idp-skolverket.dev.eduid.se/2021005208,178,0,133
1711023293087,104907,HTTP Request - fidustest.skolverket-1,Non HTTP response code: java.net.SocketException,Thread Group 1-74,,132,132,https://idp-skolverket.dev.eduid.se/EduidSP/2021005208/sso/redirect?SAMLRequest=hZJfT8IwFMW%2FytJ36NYNAg0jmWAiCerC0AdfTLdeXMNoZ2%2BH%2Bu3dmH%2FwBd9uck9%2FJ%2Bf0zlAcqponjSv1Bl4bQOe9HyqN%2FLSISWM1NwIVci0OgNwVPEtu15wNfV5b40xhKuIliGCdMnphNDYHsBnYoyrgYbOOSelcjZzSnZINutZhiHtTHcHuoR2BZqXKc1OBK4eIhnZ4RtP7bEu8ZatWWnTkX46S9eCMIOE4BNko2bGuuyFLKfNZ4Psj5k9ox7QglYXCEW%2B1jMlzNGFhHoqcjf0glCLc5TIaRdNxzvKpDCbTVobYwEqjE9rFpKVFAz8csGAbMB5EfBQ%2BES%2F9in%2BltFT65XJXeS9CfrPdpoM%2B3SNYPCVrBWQ%2B6xrnJ2N79geXseK7eDL%2Fr2b8qXlGz6x635rftezVMjWVKj68pKrM28KCcBCTgNB5%2F%2BTvocw%2FAQ%3D%3D&RelayState=cookie%3A1711023293_6f69,0,0,104907
1711023299407,98587,HTTP Request - fidustest.skolverket,Non HTTP response code: java.net.SocketException,Thread Group 1-87,Test failed: code expected to contain /200/,131,131,https://idp-skolverket.dev.eduid.se/EduidSP/2021005208/sso/redirect?SAMLRequest=hZJfT4MwFMW%2FCun7KHSbGc1YgpuJS6YSQR98MQUu0gxa7C1Tv70w%2FDNf5ttN7unv5JzeJYqmbnnU2Urdw2sHaJ33plbIj4uQdEZxLVAiV6IB5DbnSXSz48z1eGu01bmuiRMhgrFSq7VW2DVgEjAHmcPD%2FS4klbUtckpLWXRoewcX97o%2BgNlDPwJNKpllugZbuYiaDnhG47skJc6mV0slBvIvRxbt5IRQwMGFopPFwLoahiSmzGO%2B582Zt6AD00AhDeSWONtNSJ5LtrjISj%2BDYMqECAAyn%2FlithCiKINFAL0MsYOtQiuUDUlPm0286YT5qc%2B4P%2BPz4Ik48Vf8S6kKqV7Od5WNIuTXaRpPxnSPYPCYrBeQ1XJonB%2BNzckfnMeK7%2BLJ6r%2Ba8afmJT2xGn1bftuzt5tY1zL%2FcKK61m9rA8JCSHxCV%2BOTv4ey%2BgQ%3D&RelayState=cookie%3A1711023299_3dc2,183,0,130
1711023299407,183,HTTP Request - fidustest.skolverket-0,302,Thread Group 1-87,,131,131,https://fidustest.skolverket.se/Shibboleth.sso/Login?target=https://fidustest.skolverket.se/secure&entityID=https://idp-skolverket.dev.eduid.se/2021005208,183,0,130
1711023299590,98404,HTTP Request - fidustest.skolverket-1,Non HTTP response code: java.net.SocketException,Thread Group 1-87,,131,131,https://idp-skolverket.dev.eduid.se/EduidSP/2021005208/sso/redirect?SAMLRequest=hZJfT4MwFMW%2FCun7KHSbGc1YgpuJS6YSQR98MQUu0gxa7C1Tv70w%2FDNf5ttN7unv5JzeJYqmbnnU2Urdw2sHaJ33plbIj4uQdEZxLVAiV6IB5DbnSXSz48z1eGu01bmuiRMhgrFSq7VW2DVgEjAHmcPD%2FS4klbUtckpLWXRoewcX97o%2BgNlDPwJNKpllugZbuYiaDnhG47skJc6mV0slBvIvRxbt5IRQwMGFopPFwLoahiSmzGO%2B582Zt6AD00AhDeSWONtNSJ5LtrjISj%2BDYMqECAAyn%2FlithCiKINFAL0MsYOtQiuUDUlPm0286YT5qc%2B4P%2BPz4Ik48Vf8S6kKqV7Od5WNIuTXaRpPxnSPYPCYrBeQ1XJonB%2BNzckfnMeK7%2BLJ6r%2Ba8afmJT2xGn1bftuzt5tY1zL%2FcKK61m9rA8JCSHxCV%2BOTv4ey%2BgQ%3D&RelayState=cookie%3A1711023299_3dc2,0,0,98404
1711023261409,136585,HTTP Request - fidustest.skolverket,Non HTTP response code: java.net.SocketException,Thread Group 1-11,Test failed: code expected to contain /200/,130,130,https://idp-skolverket.dev.eduid.se/EduidSP/2021005208/sso/redirect?SAMLRequest=hZJLT8MwEIT%2FSuR74sT0EVlNpdAiUalARAoHLsiNN8RqYgevU%2BDfk7Q8yqXcVtrxN5rxzlA0dcvTzlX6Hl47QOe9N7VGflgkpLOaG4EKuRYNIHcFz9ObNWdByFtrnClMTbwUEaxTRi%2BMxq4Bm4PdqwIe7tcJqZxrkVNaKtmh6x0C3Jl6D3YH%2FQg0r9R2a2pwVYBo6IBnNLvLN8Rb9mqlxUD%2B5SjZ%2BicECfsAZKfkwLoahjyjLGRRGI5ZGNOBaUEqC4Uj3mqZkOe4hJjBqBBFIUVZTspyLCfltBTxZCynk7CXIXaw0uiEdgnpaSM%2FvPBZtIkYj0acRU%2FEy77iXyotlX4539X2KEJ%2Bvdlk%2FjHdI1g8JOsFZD4bGucHY3vyB%2Bex4rt4Mv%2BvZvypeUZPrI6%2BLb%2Ft2atlZmpVfHhpXZu3hQXhICERofPjk7%2BHMv8E&RelayState=cookie%3A1711023261_b674,142,0,98
1711023261409,142,HTTP Request - fidustest.skolverket-0,302,Thread Group 1-11,,130,130,https://fidustest.skolverket.se/Shibboleth.sso/Login?target=https://fidustest.skolverket.se/secure&entityID=https://idp-skolverket.dev.eduid.se/2021005208,142,0,98
1711023261552,136442,HTTP Request - fidustest.skolverket-1,Non HTTP response code: java.net.SocketException,Thread Group 1-11,,130,130,https://idp-skolverket.dev.eduid.se/EduidSP/2021005208/sso/redirect?SAMLRequest=hZJLT8MwEIT%2FSuR74sT0EVlNpdAiUalARAoHLsiNN8RqYgevU%2BDfk7Q8yqXcVtrxN5rxzlA0dcvTzlX6Hl47QOe9N7VGflgkpLOaG4EKuRYNIHcFz9ObNWdByFtrnClMTbwUEaxTRi%2BMxq4Bm4PdqwIe7tcJqZxrkVNaKtmh6x0C3Jl6D3YH%2FQg0r9R2a2pwVYBo6IBnNLvLN8Rb9mqlxUD%2B5SjZ%2BicECfsAZKfkwLoahjyjLGRRGI5ZGNOBaUEqC4Uj3mqZkOe4hJjBqBBFIUVZTspyLCfltBTxZCynk7CXIXaw0uiEdgnpaSM%2FvPBZtIkYj0acRU%2FEy77iXyotlX4539X2KEJ%2Bvdlk%2FjHdI1g8JOsFZD4bGucHY3vyB%2Bex4rt4Mv%2BvZvypeUZPrI6%2BLb%2Ft2atlZmpVfHhpXZu3hQXhICERofPjk7%2BHMv8E&RelayState=cookie%3A1711023261_b674,0,0,136442
1711023327409,70583,HTTP Request - fidustest.skolverket,Non HTTP response code: java.net.SocketException,Thread Group 1-143,Test failed: code expected to contain /200/,130,130,https://idp-skolverket.dev.eduid.se/EduidSP/2021005208/sso/redirect?SAMLRequest=hZJfT4MwFMW%2FCuk7FLrNYTNI5mbikqlkoA%2B%2BmAJ30oy12Fumfnth%2BGe%2BzLeb3NPfyTm9MxT7uuHz1lZqA68toHXe97VCflxEpDWKa4ESuRJ7QG4Lns5v15x5Pm%2BMtrrQNXHmiGCs1GqhFbZ7MCmYgyzgYbOOSGVtg5zSrSxbtJ2DhztdH8DsoBuBppXMc12DrTxETXs8o8l9mhFn2amlEj35lyPLxj0hlHDwoGxl2bOu%2ByFNKPNZ4PsT5oe0ZxoopYHCEme1jMjzyId8FOYBy%2FOQjbcwDdlEXObT6eQiLErBOhliCyuFVigbkY42dv2Ry4IsYDyYcDZ9Ik7yFf9KqlKql%2FNd5YMI%2BU2WJe6Q7hEMHpN1AhLP%2Bsb50dic%2FMF5rPgunsT%2F1Yw%2FNc%2FoidXg2%2FC7jr1aJrqWxYczr2v9tjAgLEQkIDQenvw9lPgT&RelayState=cookie%3A1711023327_f65e,181,0,139
1711023327409,182,HTTP Request - fidustest.skolverket-0,302,Thread Group 1-143,,130,130,https://fidustest.skolverket.se/Shibboleth.sso/Login?target=https://fidustest.skolverket.se/secure&entityID=https://idp-skolverket.dev.eduid.se/2021005208,181,0,139
1711023327591,70401,HTTP Request - fidustest.skolverket-1,Non HTTP response code: java.net.SocketException,Thread Group 1-143,,130,130,https://idp-skolverket.dev.eduid.se/EduidSP/2021005208/sso/redirect?SAMLRequest=hZJfT4MwFMW%2FCuk7FLrNYTNI5mbikqlkoA%2B%2BmAJ30oy12Fumfnth%2BGe%2BzLeb3NPfyTm9MxT7uuHz1lZqA68toHXe97VCflxEpDWKa4ESuRJ7QG4Lns5v15x5Pm%2BMtrrQNXHmiGCs1GqhFbZ7MCmYgyzgYbOOSGVtg5zSrSxbtJ2DhztdH8DsoBuBppXMc12DrTxETXs8o8l9mhFn2amlEj35lyPLxj0hlHDwoGxl2bOu%2ByFNKPNZ4PsT5oe0ZxoopYHCEme1jMjzyId8FOYBy%2FOQjbcwDdlEXObT6eQiLErBOhliCyuFVigbkY42dv2Ry4IsYDyYcDZ9Ik7yFf9KqlKql%2FNd5YMI%2BU2WJe6Q7hEMHpN1AhLP%2Bsb50dic%2FMF5rPgunsT%2F1Yw%2FNc%2FoidXg2%2FC7jr1aJrqWxYczr2v9tjAgLEQkIDQenvw9lPgT&RelayState=cookie%3A1711023327_f65e,0,0,70401
1711023344407,53584,HTTP Request - fidustest.skolverket,Non HTTP response code: java.net.SocketException,Thread Group 1-177,Test failed: code expected to contain /200/,127,127,https://idp-skolverket.dev.eduid.se/EduidSP/2021005208/sso/redirect?SAMLRequest=hZJfT8IwFMW%2FytL30W4MZQ0jQTCRBHVh6IMvplsvrmFrZ2%2BH%2Bu3dwD%2F4gm83uae%2Fk3N6JyjqquGz1pV6Da8toPPe60ojPywS0lrNjUCFXIsakLuCZ7PbFQ8HjDfWOFOYingzRLBOGT03GtsabAZ2rwp4WK8SUjrXIKd0q2SLrnMY4M5Ue7A76EagWany3FTgygGioT0%2BpOl9tiHeolMrLXryL0fJxj8hSNgPQLZK9qzrfshSGrIwYGwUsjHtmRakslA44i0XCXmOQFwOx2LEgjiWMQsjCeMLOc6FyCWLt0EnQ2xhqdEJ7RLS0SKfDf0w2AQhD0Y8ip6Il37Fv1JaKv1yvqv8KEJ%2Bs9mk%2FjHdI1g8JOsEZDrpG%2BcHY3vyB%2Bex4rt4Mv2vZvypeUJPrI6%2BDb%2Fr2MtFaipVfHizqjJvcwvCQUICQqfHJ38PZfoJ&RelayState=cookie%3A1711023344_30c5,131,0,92
1711023344407,131,HTTP Request - fidustest.skolverket-0,302,Thread Group 1-177,,127,127,https://fidustest.skolverket.se/Shibboleth.sso/Login?target=https://fidustest.skolverket.se/secure&entityID=https://idp-skolverket.dev.eduid.se/2021005208,131,0,92
1711023344539,53452,HTTP Request - fidustest.skolverket-1,Non HTTP response code: java.net.SocketException,Thread Group 1-177,,127,127,https://idp-skolverket.dev.eduid.se/EduidSP/2021005208/sso/redirect?SAMLRequest=hZJfT8IwFMW%2FytL30W4MZQ0jQTCRBHVh6IMvplsvrmFrZ2%2BH%2Bu3dwD%2F4gm83uae%2Fk3N6JyjqquGz1pV6Da8toPPe60ojPywS0lrNjUCFXIsakLuCZ7PbFQ8HjDfWOFOYingzRLBOGT03GtsabAZ2rwp4WK8SUjrXIKd0q2SLrnMY4M5Ue7A76EagWany3FTgygGioT0%2BpOl9tiHeolMrLXryL0fJxj8hSNgPQLZK9qzrfshSGrIwYGwUsjHtmRakslA44i0XCXmOQFwOx2LEgjiWMQsjCeMLOc6FyCWLt0EnQ2xhqdEJ7RLS0SKfDf0w2AQhD0Y8ip6Il37Fv1JaKv1yvqv8KEJ%2Bs9mk%2FjHdI1g8JOsEZDrpG%2BcHY3vyB%2Bex4rt4Mv2vZvypeUJPrI6%2BDb%2Fr2MtFaipVfHizqjJvcwvCQUICQqfHJ38PZfoJ&RelayState=cookie%3A1711023344_30c5,0,0,53452
1711023345407,52584,HTTP Request - fidustest.skolverket,Non HTTP response code: java.net.SocketException,Thread Group 1-179,Test failed: code expected to contain /200/,127,127,https://idp-skolverket.dev.eduid.se/EduidSP/2021005208/sso/redirect?SAMLRequest=hZJfT4MwFMW%2FCun7KODYZjNIcDNxyVQy0AdfTKFXaQYt9pap314Y%2Fpkv%2BnaTe%2Fo7Oad3ibypW5Z0tlI7eOkArfPW1ArZcRGRziimOUpkijeAzJYsS663LHA91hptdalr4iSIYKzUaqUVdg2YDMxBlnC320aksrZFRumTFB3a3sHFva4PYPbQj0CzShaFrsFWLqKmAz6g6W2WE2fdq6XiA%2FmHI0U7OSEIOLggOikG1uUwZCkNvMD3vDDwFnRgGhDSQGmJs1lH5FH4BYQzDuelX3izuSimi7IMw3kReIUIuehliB1sFFqubER62nTinU0CP%2FcD5odsGj4QJ%2F2MfyGVkOr5766KUYTsKs%2FTyZjuHgwek%2FUCEi%2BHxtnR2Jz8wd9Y%2FlU8if%2BrGb9rXtITq9G3ZTc9e7NOdS3Ldyepa%2F26MsAtRMQnNB6f%2FD6U%2BAM%3D&RelayState=cookie%3A1711023345_e333,210,0,173
1711023345407,210,HTTP Request - fidustest.skolverket-0,302,Thread Group 1-179,,127,127,https://fidustest.skolverket.se/Shibboleth.sso/Login?target=https://fidustest.skolverket.se/secure&entityID=https://idp-skolverket.dev.eduid.se/2021005208,210,0,173
1711023345620,52371,HTTP Request - fidustest.skolverket-1,Non HTTP response code: java.net.SocketException,Thread Group 1-179,,127,127,https://idp-skolverket.dev.eduid.se/EduidSP/2021005208/sso/redirect?SAMLRequest=hZJfT4MwFMW%2FCun7KODYZjNIcDNxyVQy0AdfTKFXaQYt9pap314Y%2Fpkv%2BnaTe%2Fo7Oad3ibypW5Z0tlI7eOkArfPW1ArZcRGRziimOUpkijeAzJYsS663LHA91hptdalr4iSIYKzUaqUVdg2YDMxBlnC320aksrZFRumTFB3a3sHFva4PYPbQj0CzShaFrsFWLqKmAz6g6W2WE2fdq6XiA%2FmHI0U7OSEIOLggOikG1uUwZCkNvMD3vDDwFnRgGhDSQGmJs1lH5FH4BYQzDuelX3izuSimi7IMw3kReIUIuehliB1sFFqubER62nTinU0CP%2FcD5odsGj4QJ%2F2MfyGVkOr5766KUYTsKs%2FTyZjuHgwek%2FUCEi%2BHxtnR2Jz8wd9Y%2FlU8if%2BrGb9rXtITq9G3ZTc9e7NOdS3Ldyepa%2F26MsAtRMQnNB6f%2FD6U%2BAM%3D&RelayState=cookie%3A1711023345_e333,0,0,52371
1711023283410,114587,HTTP Request - fidustest.skolverket,Non HTTP response code: java.net.SocketException,Thread Group 1-55,Test failed: code expected to contain /200/,126,126,https://idp-skolverket.dev.eduid.se/EduidSP/2021005208/sso/redirect?SAMLRequest=hZJfT4MwFMW%2FCun7VijMzWYswc3EJVPJmD74YoBepBm02Fumfnth%2BGe%2BzLeb3NPfyTm9c0zrquFRa0u1hdcW0DrvdaWQHxchaY3iOkWJXKU1ILc5T6LbDWdjlzdGW53rijgRIhgrtVpqhW0NJgFzkDk8bDchKa1tkFNaSNGi7RzGuNfVAcweuhFoUsos0xXYcoyoaY9nNL5PdsRZdWqp0p78y5GiGZ0QBBzGIFopetZ1PyQxZS7zXHfC3BntmQaENJBb4qxXIXmGIPdnU98LLt2sCEQBLJ9MpsUlXDAxE9OgkyG2sFZoU2VD0tGCkeuPmLfzGPcCHvhPxIm%2F4l9JJaR6Od9VNoiQ3%2Bx28WhI9wgGj8k6AVnM%2B8b50dic%2FMF5bPpdPFn8VzP%2B1DynJ1aDb8PvOvZ6FetK5h9OVFX6bWkgtRASj9DF8OTvoSw%2BAQ%3D%3D&RelayState=cookie%3A1711023283_4d7e,144,0,107
1711023283410,144,HTTP Request - fidustest.skolverket-0,302,Thread Group 1-55,,126,126,https://fidustest.skolverket.se/Shibboleth.sso/Login?target=https://fidustest.skolverket.se/secure&entityID=https://idp-skolverket.dev.eduid.se/2021005208,144,0,107
1711023283554,114443,HTTP Request - fidustest.skolverket-1,Non HTTP response code: java.net.SocketException,Thread Group 1-55,,126,126,https://idp-skolverket.dev.eduid.se/EduidSP/2021005208/sso/redirect?SAMLRequest=hZJfT4MwFMW%2FCun7VijMzWYswc3EJVPJmD74YoBepBm02Fumfnth%2BGe%2BzLeb3NPfyTm9c0zrquFRa0u1hdcW0DrvdaWQHxchaY3iOkWJXKU1ILc5T6LbDWdjlzdGW53rijgRIhgrtVpqhW0NJgFzkDk8bDchKa1tkFNaSNGi7RzGuNfVAcweuhFoUsos0xXYcoyoaY9nNL5PdsRZdWqp0p78y5GiGZ0QBBzGIFopetZ1PyQxZS7zXHfC3BntmQaENJBb4qxXIXmGIPdnU98LLt2sCEQBLJ9MpsUlXDAxE9OgkyG2sFZoU2VD0tGCkeuPmLfzGPcCHvhPxIm%2F4l9JJaR6Od9VNoiQ3%2Bx28WhI9wgGj8k6AVnM%2B8b50dic%2FMF5bPpdPFn8VzP%2B1DynJ1aDb8PvOvZ6FetK5h9OVFX6bWkgtRASj9DF8OTvoSw%2BAQ%3D%3D&RelayState=cookie%3A1711023283_4d7e,0,0,114443
1711023314910,83084,HTTP Request - fidustest.skolverket,Non HTTP response code: java.net.SocketException,Thread Group 1-118,Test failed: code expected to contain /200/,126,126,https://idp-skolverket.dev.eduid.se/EduidSP/2021005208/sso/redirect?SAMLRequest=hZJLT8MwEIT%2FSuR748R9pFhNpNAiUalA1AQOXJAbL9RqagevU%2BDfkzQ8yqVIPqzk8TeaWc9Q7Kuap43b6jW8NoDOe99XGvnxIiaN1dwIVMi12ANyV%2FI8vVlx5ge8tsaZ0lTESxHBOmX03Ghs9mBzsAdVwv16FZOtczVySp%2BVbNC1Dj7uTHUAu4N2BJpv1WZjKnBbH9HQDs9odpcXxFu0aqVFR%2F7lKFkPTggSDj7IRsmOddUNeUZZwMIgGLNgSjumBakslI54y0VMnqRgEbDRZDiO5HAiLy4iMRbTUcRgFEgIZStDbGCp0QntYtLSRoNgOGBhETIejtvzSLzsK%2F6l0lLpl%2FNdbXoR8uuiyAZ9ugeweEzWCkgy6xrnR2N7soPzWPFdPEn%2Bqxl%2Fap7RE6vet%2Ba3LXu5yEylyg8vrSrzNrcgHMQkJDTpn%2Fz9KMkn&RelayState=cookie%3A1711023315_8315,142,0,97
1711023314910,142,HTTP Request - fidustest.skolverket-0,302,Thread Group 1-118,,126,126,https://fidustest.skolverket.se/Shibboleth.sso/Login?target=https://fidustest.skolverket.se/secure&entityID=https://idp-skolverket.dev.eduid.se/2021005208,142,0,97
1711023315052,82942,HTTP Request - fidustest.skolverket-1,Non HTTP response code: java.net.SocketException,Thread Group 1-118,,126,126,https://idp-skolverket.dev.eduid.se/EduidSP/2021005208/sso/redirect?SAMLRequest=hZJLT8MwEIT%2FSuR748R9pFhNpNAiUalA1AQOXJAbL9RqagevU%2BDfkzQ8yqVIPqzk8TeaWc9Q7Kuap43b6jW8NoDOe99XGvnxIiaN1dwIVMi12ANyV%2FI8vVlx5ge8tsaZ0lTESxHBOmX03Ghs9mBzsAdVwv16FZOtczVySp%2BVbNC1Dj7uTHUAu4N2BJpv1WZjKnBbH9HQDs9odpcXxFu0aqVFR%2F7lKFkPTggSDj7IRsmOddUNeUZZwMIgGLNgSjumBakslI54y0VMnqRgEbDRZDiO5HAiLy4iMRbTUcRgFEgIZStDbGCp0QntYtLSRoNgOGBhETIejtvzSLzsK%2F6l0lLpl%2FNdbXoR8uuiyAZ9ugeweEzWCkgy6xrnR2N7soPzWPFdPEn%2Bqxl%2Fap7RE6vet%2Ba3LXu5yEylyg8vrSrzNrcgHMQkJDTpn%2Fz9KMkn&RelayState=cookie%3A1711023315_8315,0,0,82942
1711023347407,50585,HTTP Request - fidustest.skolverket,Non HTTP response code: java.net.SocketException,Thread Group 1-183,Test failed: code expected to contain /200/,125,125,https://idp-skolverket.dev.eduid.se/EduidSP/2021005208/sso/redirect?SAMLRequest=hZJfT4MwFMW%2FCuk7FNjQrRlLcDNxyVQypg%2B%2BmEIv0gxa7C1Tv72w%2BWe%2BzLeb3NPfyTm9M%2BRN3bKks5XawGsHaJ33plbIDouYdEYxzVEiU7wBZLZgWXK7ZqHns9ZoqwtdEydBBGOlVgutsGvAZGD2soCHzTomlbUtMkpLKTq0vYOHO13vweygH4FmlcxzXYOtPERNB3xI0%2FtsS5xlr5aKD%2BRfjhSte0IQsPdAdFIMrOthyFIa%2BmHg%2B1HoT%2BjANCCkgcISZ7WMyTOMojFMJ1xMiwsYleW0KEUelb6YCBFdBqNehtjBSqHlysakp41df%2BSGwTYIWRCx8eUTcdKv%2BFdSCalezneVH0XIbrbb1D2mewSDh2S9gMxnQ%2BPsYGxO%2FuA8ln8XT%2Bb%2F1Yw%2FNc%2FoidXRt2V3PXu1THUtiw8nqWv9tjDALcQkIHR%2BfPL3UOaf&RelayState=cookie%3A1711023347_f512,207,0,158
1711023347407,208,HTTP Request - fidustest.skolverket-0,302,Thread Group 1-183,,125,125,https://fidustest.skolverket.se/Shibboleth.sso/Login?target=https://fidustest.skolverket.se/secure&entityID=https://idp-skolverket.dev.eduid.se/2021005208,207,0,158
1711023347615,50377,HTTP Request - fidustest.skolverket-1,Non HTTP response code: java.net.SocketException,Thread Group 1-183,,125,125,https://idp-skolverket.dev.eduid.se/EduidSP/2021005208/sso/redirect?SAMLRequest=hZJfT4MwFMW%2FCuk7FNjQrRlLcDNxyVQypg%2B%2BmEIv0gxa7C1Tv72w%2BWe%2BzLeb3NPfyTm9M%2BRN3bKks5XawGsHaJ33plbIDouYdEYxzVEiU7wBZLZgWXK7ZqHns9ZoqwtdEydBBGOlVgutsGvAZGD2soCHzTomlbUtMkpLKTq0vYOHO13vweygH4FmlcxzXYOtPERNB3xI0%2FtsS5xlr5aKD%2BRfjhSte0IQsPdAdFIMrOthyFIa%2BmHg%2B1HoT%2BjANCCkgcISZ7WMyTOMojFMJ1xMiwsYleW0KEUelb6YCBFdBqNehtjBSqHlysakp41df%2BSGwTYIWRCx8eUTcdKv%2BFdSCalezneVH0XIbrbb1D2mewSDh2S9gMxnQ%2BPsYGxO%2FuA8ln8XT%2Bb%2F1Yw%2FNc%2FoidXRt2V3PXu1THUtiw8nqWv9tjDALcQkIHR%2BfPL3UOaf&RelayState=cookie%3A1711023347_f512,0,0,50377
1711023284907,113090,HTTP Request - fidustest.skolverket,Non HTTP response code: java.net.SocketException,Thread Group 1-58,Test failed: code expected to contain /200/,123,123,https://idp-skolverket.dev.eduid.se/EduidSP/2021005208/sso/redirect?SAMLRequest=hZLdT4MwFMX%2FFdJ3KBQ2ZzNIcDNxiR9koA%2B%2BmA6u0oy12Fum%2FvfC8GO%2BzLeb3NPfyTm9cxS7puVpZ2u1htcO0Drvu0YhPyxi0hnFtUCJXIkdILclz9Oba848n7dGW13qhjgpIhgrtVpohd0OTA5mL0u4X1%2FHpLa2RU7ps6w6tL2Dh1vd7MFsoR%2BB5rXcbHQDtvYQNR3wjGZ3eUGcZa%2BWSgzkX46sWveIUMHeg6qT1cC6HIY8o8xnge9PmD%2BjA9NAJQ2UljirZUyewhmbhuGUnUWTWRBF5yKMfFFG%2FiycllAGopchdrBSaIWyMelpkeuHLguKgPEg4tHkkTjZV%2FwLqSqpXk53tRlFyK%2BKInPHdA9g8JCsF5BkPjTOD8bm6A9OY8V38ST5r2b8qXlOj6xG35bf9uzVMtONLD%2BctGn028KAsBCTgNBkfPL3UJJP&RelayState=cookie%3A1711023285_8b13,146,0,95
1711023284907,146,HTTP Request - fidustest.skolverket-0,302,Thread Group 1-58,,123,123,https://fidustest.skolverket.se/Shibboleth.sso/Login?target=https://fidustest.skolverket.se/secure&entityID=https://idp-skolverket.dev.eduid.se/2021005208,146,0,95
1711023285053,112944,HTTP Request - fidustest.skolverket-1,Non HTTP response code: java.net.SocketException,Thread Group 1-58,,123,123,https://idp-skolverket.dev.eduid.se/EduidSP/2021005208/sso/redirect?SAMLRequest=hZLdT4MwFMX%2FFdJ3KBQ2ZzNIcDNxiR9koA%2B%2BmA6u0oy12Fum%2FvfC8GO%2BzLeb3NPfyTm9cxS7puVpZ2u1htcO0Drvu0YhPyxi0hnFtUCJXIkdILclz9Oba848n7dGW13qhjgpIhgrtVpohd0OTA5mL0u4X1%2FHpLa2RU7ps6w6tL2Dh1vd7MFsoR%2BB5rXcbHQDtvYQNR3wjGZ3eUGcZa%2BWSgzkX46sWveIUMHeg6qT1cC6HIY8o8xnge9PmD%2BjA9NAJQ2UljirZUyewhmbhuGUnUWTWRBF5yKMfFFG%2FiycllAGopchdrBSaIWyMelpkeuHLguKgPEg4tHkkTjZV%2FwLqSqpXk53tRlFyK%2BKInPHdA9g8JCsF5BkPjTOD8bm6A9OY8V38ST5r2b8qXlOj6xG35bf9uzVMtONLD%2BctGn028KAsBCTgNBkfPL3UJJP&RelayState=cookie%3A1711023285_8b13,0,0,112944
1711023332906,65087,HTTP Request - fidustest.skolverket,Non HTTP response code: java.net.SocketException,Thread Group 1-154,Test failed: code expected to contain /200/,122,122,https://idp-skolverket.dev.eduid.se/EduidSP/2021005208/sso/redirect?SAMLRequest=hZJLT8MwEIT%2FSuR7YidpCrWaSqVFolKBqCkcuKA8NsSqYwevU%2BDfk7Q8yqXcVtrxN5rxTjFrZMvnna3VBl47QOu8N1IhPyxi0hnFdYYCucoaQG4Lns5v1zzwGG%2BNtrrQkjhzRDBWaLXQCrsGTApmLwp42KxjUlvbIqe0EmWHtnfwcKflHswO%2BhFoWos81xJs7SFqOuADmtynW%2BIse7VQ2UD%2B5YiydU8IJew9KDtRDqzrYUgTGrDAZywK2CUdmAZKYaCwxFktY%2FIMeT4eQxiy0QWbBLk%2FmYTjfFJEbMSiy6qqehliByuFNlM2Jj1t5LLQDfytH3A%2F4mH4RJzkK%2F6VUKVQL%2Be7yo8i5DfbbeIe0z2CwUOyXkBm06FxfjA2J39wHpt9F09m%2F9WMPzVP6YnV0bfldz17tUy0FMWHM5dSvy0MZBZi4hM6Oz75eyizTw%3D%3D&RelayState=cookie%3A1711023333_d1b9,166,0,85
1711023332906,167,HTTP Request - fidustest.skolverket-0,302,Thread Group 1-154,,122,122,https://fidustest.skolverket.se/Shibboleth.sso/Login?target=https://fidustest.skolverket.se/secure&entityID=https://idp-skolverket.dev.eduid.se/2021005208,166,0,85
1711023333073,64920,HTTP Request - fidustest.skolverket-1,Non HTTP response code: java.net.SocketException,Thread Group 1-154,,122,122,https://idp-skolverket.dev.eduid.se/EduidSP/2021005208/sso/redirect?SAMLRequest=hZJLT8MwEIT%2FSuR7YidpCrWaSqVFolKBqCkcuKA8NsSqYwevU%2BDfk7Q8yqXcVtrxN5rxTjFrZMvnna3VBl47QOu8N1IhPyxi0hnFdYYCucoaQG4Lns5v1zzwGG%2BNtrrQkjhzRDBWaLXQCrsGTApmLwp42KxjUlvbIqe0EmWHtnfwcKflHswO%2BhFoWos81xJs7SFqOuADmtynW%2BIse7VQ2UD%2B5YiydU8IJew9KDtRDqzrYUgTGrDAZywK2CUdmAZKYaCwxFktY%2FIMeT4eQxiy0QWbBLk%2FmYTjfFJEbMSiy6qqehliByuFNlM2Jj1t5LLQDfytH3A%2F4mH4RJzkK%2F6VUKVQL%2Be7yo8i5DfbbeIe0z2CwUOyXkBm06FxfjA2J39wHpt9F09m%2F9WMPzVP6YnV0bfldz17tUy0FMWHM5dSvy0MZBZi4hM6Oz75eyizTw%3D%3D&RelayState=cookie%3A1711023333_d1b9,0,0,64920
1711023307909,90087,HTTP Request - fidustest.skolverket,Non HTTP response code: java.net.SocketException,Thread Group 1-104,Test failed: code expected to contain /200/,121,121,https://idp-skolverket.dev.eduid.se/EduidSP/2021005208/sso/redirect?SAMLRequest=hZJfT8IwFMW%2FytJ3aFcZjoaRIJhIgrow9MEX020X17C1s7dD%2FfZuzD%2F4gm83uae%2Fk3N6pyirshbzxhV6A68NoPPeq1KjOC4i0lgtjESFQssKULhMJPPbteBDJmprnMlMSbw5IlinjF4YjU0FNgF7UBk8bNYRKZyrUVC6U3mDrnUY4t6UB7B7aEegSaHS1JTgiiGioR2e0%2Fg%2B2RJv2aqVlh35l6PyenBCyOEwhLxRece67oYkppxxn7GAs5B2TAu5spA54q2WEXme%2BJAGId9BfjmRozAMWJCy8YjLSeAzkONWhtjASqOT2kWkpY0G7GLA%2Fa3PhR8IFj4RL%2F6Kf6V0rvTL%2Ba7SXoTiZruNB326R7B4TNYKyGzaNS6OxvbkD85j5XfxZPZfzfhT85SeWPW%2Btbhr2atlbEqVfXjzsjRvCwvSQUR8Qmf9k7%2BHMvsE&RelayState=cookie%3A1711023308_d1f8,181,0,137
1711023307909,181,HTTP Request - fidustest.skolverket-0,302,Thread Group 1-104,,121,121,https://fidustest.skolverket.se/Shibboleth.sso/Login?target=https://fidustest.skolverket.se/secure&entityID=https://idp-skolverket.dev.eduid.se/2021005208,181,0,137
1711023308092,89904,HTTP Request - fidustest.skolverket-1,Non HTTP response code: java.net.SocketException,Thread Group 1-104,,121,121,https://idp-skolverket.dev.eduid.se/EduidSP/2021005208/sso/redirect?SAMLRequest=hZJfT8IwFMW%2FytJ3aFcZjoaRIJhIgrow9MEX020X17C1s7dD%2FfZuzD%2F4gm83uae%2Fk3N6pyirshbzxhV6A68NoPPeq1KjOC4i0lgtjESFQssKULhMJPPbteBDJmprnMlMSbw5IlinjF4YjU0FNgF7UBk8bNYRKZyrUVC6U3mDrnUY4t6UB7B7aEegSaHS1JTgiiGioR2e0%2Fg%2B2RJv2aqVlh35l6PyenBCyOEwhLxRece67oYkppxxn7GAs5B2TAu5spA54q2WEXme%2BJAGId9BfjmRozAMWJCy8YjLSeAzkONWhtjASqOT2kWkpY0G7GLA%2Fa3PhR8IFj4RL%2F6Kf6V0rvTL%2Ba7SXoTiZruNB326R7B4TNYKyGzaNS6OxvbkD85j5XfxZPZfzfhT85SeWPW%2Btbhr2atlbEqVfXjzsjRvCwvSQUR8Qmf9k7%2BHMvsE&RelayState=cookie%3A1711023308_d1f8,0,0,89904
1711023320906,77088,HTTP Request - fidustest.skolverket,Non HTTP response code: java.net.SocketException,Thread Group 1-130,Test failed: code expected to contain /200/,121,121,https://idp-skolverket.dev.eduid.se/EduidSP/2021005208/sso/redirect?SAMLRequest=hZJfT8IwFMW%2FytJ36FpYgIaRIJhIgrow9MEXU9aLa9ja2duhfns35h98wbeb3NPfyTm9U5RlUYl57XOzgdca0AfvZWFQnBYxqZ0RVqJGYWQJKHwm0vntWvB%2BKCpnvc1sQYI5IjivrVlYg3UJLgV31Bk8bNYxyb2vUFC616pG3zj08WCLI7gDNCPQNNe7nS3A531ES1s8p8l9uiXBslFrI1vyL0erqndGUHDsg6q1alnX7ZAmlIechWHEwzFtmQ6UdpB5EqyWMXmW%2B0k0gtE4GsphqBQfRyMpB4xxyaL9RLJGhljDyqCXxsekoQ174aDH2ZZxwSLB2RMJkq%2F4V9oobV4ud7XrRChuttuk16V7BIenZI2AzKZt4%2BJk7M7%2B4DJWfhdPZv%2FVjD81T%2BmZVedbibuGvVomttDZRzAvCvu2cCA9xIQROuue%2FD2U2Sc%3D&RelayState=cookie%3A1711023321_9c35,150,0,87
1711023320906,150,HTTP Request - fidustest.skolverket-0,302,Thread Group 1-130,,121,121,https://fidustest.skolverket.se/Shibboleth.sso/Login?target=https://fidustest.skolverket.se/secure&entityID=https://idp-skolverket.dev.eduid.se/2021005208,150,0,87
1711023321056,76938,HTTP Request - fidustest.skolverket-1,Non HTTP response code: java.net.SocketException,Thread Group 1-130,,121,121,https://idp-skolverket.dev.eduid.se/EduidSP/2021005208/sso/redirect?SAMLRequest=hZJfT8IwFMW%2FytJ36FpYgIaRIJhIgrow9MEXU9aLa9ja2duhfns35h98wbeb3NPfyTm9U5RlUYl57XOzgdca0AfvZWFQnBYxqZ0RVqJGYWQJKHwm0vntWvB%2BKCpnvc1sQYI5IjivrVlYg3UJLgV31Bk8bNYxyb2vUFC616pG3zj08WCLI7gDNCPQNNe7nS3A531ES1s8p8l9uiXBslFrI1vyL0erqndGUHDsg6q1alnX7ZAmlIechWHEwzFtmQ6UdpB5EqyWMXmW%2B0k0gtE4GsphqBQfRyMpB4xxyaL9RLJGhljDyqCXxsekoQ174aDH2ZZxwSLB2RMJkq%2F4V9oobV4ud7XrRChuttuk16V7BIenZI2AzKZt4%2BJk7M7%2B4DJWfhdPZv%2FVjD81T%2BmZVedbibuGvVomttDZRzAvCvu2cCA9xIQROuue%2FD2U2Sc%3D&RelayState=cookie%3A1711023321_9c35,0,0,76938
1711023271908,126089,HTTP Request - fidustest.skolverket,Non HTTP response code: java.net.SocketException,Thread Group 1-32,Test failed: code expected to contain /200/,121,121,https://idp-skolverket.dev.eduid.se/EduidSP/2021005208/sso/redirect?SAMLRequest=hZJfT8IwFMW%2FytJ36FomLA0jmWAiCerC0AdfTLdepWG0s7dD%2FfZuzD%2F4gm83uae%2Fk3N6pyj3VS3Sxm%2FNGl4bQB%2B87yuD4rhISOOMsBI1CiP3gMKXIk9vVoIPQ1E7621pKxKkiOC8tmZuDTZ7cDm4gy7hfr1KyNb7GgWlz1o16FuHIe5sdQC3g3YEmm91UdgK%2FHaIaGmH5zS7yzckWLRqbWRH%2FuVoVQ9OCAoOQ1CNVh3rqhvyjPKQszC84GFMO6YDpR2UngTLRUKeSi4VgziOFAvLQkaTQo1gMh7HajyKGYtaGWIDS4NeGp%2BQlhYNwtGAsw3jgkVixB9JkH3Fv9RGafNyvquiF6G43myyQZ%2FuARwek7UCMpt2jYujsTv5g%2FNY%2BV08mf1XM%2F7UPKUnVr1vLW5b9nKR2UqXH0FaVfZt7kB6SAgjdNY%2F%2BXsos08%3D&RelayState=cookie%3A1711023272_5124,186,0,102
1711023271908,186,HTTP Request - fidustest.skolverket-0,302,Thread Group 1-32,,121,121,https://fidustest.skolverket.se/Shibboleth.sso/Login?target=https://fidustest.skolverket.se/secure&entityID=https://idp-skolverket.dev.eduid.se/2021005208,186,0,102
1711023272096,125901,HTTP Request - fidustest.skolverket-1,Non HTTP response code: java.net.SocketException,Thread Group 1-32,,121,121,https://idp-skolverket.dev.eduid.se/EduidSP/2021005208/sso/redirect?SAMLRequest=hZJfT8IwFMW%2FytJ36FomLA0jmWAiCerC0AdfTLdepWG0s7dD%2FfZuzD%2F4gm83uae%2Fk3N6pyj3VS3Sxm%2FNGl4bQB%2B87yuD4rhISOOMsBI1CiP3gMKXIk9vVoIPQ1E7621pKxKkiOC8tmZuDTZ7cDm4gy7hfr1KyNb7GgWlz1o16FuHIe5sdQC3g3YEmm91UdgK%2FHaIaGmH5zS7yzckWLRqbWRH%2FuVoVQ9OCAoOQ1CNVh3rqhvyjPKQszC84GFMO6YDpR2UngTLRUKeSi4VgziOFAvLQkaTQo1gMh7HajyKGYtaGWIDS4NeGp%2BQlhYNwtGAsw3jgkVixB9JkH3Fv9RGafNyvquiF6G43myyQZ%2FuARwek7UCMpt2jYujsTv5g%2FNY%2BV08mf1XM%2F7UPKUnVr1vLW5b9nKR2UqXH0FaVfZt7kB6SAgjdNY%2F%2BXsos08%3D&RelayState=cookie%3A1711023272_5124,0,0,125901
1711023306910,91086,HTTP Request - fidustest.skolverket,Non HTTP response code: java.net.SocketException,Thread Group 1-102,Test failed: code expected to contain /200/,119,119,https://idp-skolverket.dev.eduid.se/EduidSP/2021005208/sso/redirect?SAMLRequest=hZJLT8MwEIT%2FSuR7Y8d9UKwmUmmRqFQgagIHLihOttRqYgevU%2BDfkzQ8yqXcVtrxN5rxzjCrylrMG7fTG3htAJ33XpUaxXERksZqYTJUKHRWAQqXi2R%2BuxbcZ6K2xpnclMSbI4J1yuiF0dhUYBOwB5XDw2Ydkp1zNQpKt6po0LUOPu5NeQC7h3YEmuyUlKYEt%2FMRDe3wnMb3SUq8ZatWOuvIvxxV1IMTQgEHH4pGFR3ruhuSmHLGA8bGnE1px7RQKAu5I95qGZLn7bRgjA8lMCZHF0EwliD5SE6228tJPs6mrQyxgZVGl2kXkpY2GrDhgAdpwEUwFuziiXjxV%2FwrpQulX853JXsRips0jQd9ukeweEzWCkg06xoXR2N78gfnsdl38ST6r2b8qXlGT6x631rctezVMjalyj%2B8eVmat4WFzEFIAkKj%2FsnfQ4k%2BAQ%3D%3D&RelayState=cookie%3A1711023307_a3b1,169,0,106
1711023306910,169,HTTP Request - fidustest.skolverket-0,302,Thread Group 1-102,,119,119,https://fidustest.skolverket.se/Shibboleth.sso/Login?target=https://fidustest.skolverket.se/secure&entityID=https://idp-skolverket.dev.eduid.se/2021005208,169,0,106
1711023307080,90916,HTTP Request - fidustest.skolverket-1,Non HTTP response code: java.net.SocketException,Thread Group 1-102,,119,119,https://idp-skolverket.dev.eduid.se/EduidSP/2021005208/sso/redirect?SAMLRequest=hZJLT8MwEIT%2FSuR7Y8d9UKwmUmmRqFQgagIHLihOttRqYgevU%2BDfkzQ8yqXcVtrxN5rxzjCrylrMG7fTG3htAJ33XpUaxXERksZqYTJUKHRWAQqXi2R%2BuxbcZ6K2xpnclMSbI4J1yuiF0dhUYBOwB5XDw2Ydkp1zNQpKt6po0LUOPu5NeQC7h3YEmuyUlKYEt%2FMRDe3wnMb3SUq8ZatWOuvIvxxV1IMTQgEHH4pGFR3ruhuSmHLGA8bGnE1px7RQKAu5I95qGZLn7bRgjA8lMCZHF0EwliD5SE6228tJPs6mrQyxgZVGl2kXkpY2GrDhgAdpwEUwFuziiXjxV%2FwrpQulX853JXsRips0jQd9ukeweEzWCkg06xoXR2N78gfnsdl38ST6r2b8qXlGT6x631rctezVMjalyj%2B8eVmat4WFzEFIAkKj%2FsnfQ4k%2BAQ%3D%3D&RelayState=cookie%3A1711023307_a3b1,0,0,90916
1711023346907,51087,HTTP Request - fidustest.skolverket,Non HTTP response code: java.net.SocketException,Thread Group 1-182,Test failed: code expected to contain /200/,116,116,https://idp-skolverket.dev.eduid.se/EduidSP/2021005208/sso/redirect?SAMLRequest=hZJfT4MwFMW%2FCuk7K%2BBw0IwlczNxyVQypg%2B%2BmELvpBm02Fumfnth%2BGe%2BzLeb3NPfyTm9U%2BR11bB5a0u1gdcW0DrvdaWQHRcJaY1imqNEpngNyGzBsvntmgUjjzVGW13oijhzRDBWarXQCtsaTAbmIAt42KwTUlrbIKN0J0WLtnMY4V5XBzB76EagWSnzXFdgyxGipj0%2BoOl9tiXOslNLxXvyL0eKxj0hCDiMQLRS9KzrfshSGniB73lh4EW0ZxoQ0kBhibNaJuT5Mspz2BVxnBeFECLexXnUycdeFHIxycNOhtjCSqHlyiako41d78IN%2FK0fMD9k48kTcdKv%2BFdSCalezneVDyJkN9tt6g7pHsHgMVknILNp3zg7GpuTPziP5d%2FFk9l%2FNeNPzVN6YjX4NuyuY6%2BWqa5k8eHMq0q%2FLQxwCwnxCZ0NT%2F4eyuwT&RelayState=cookie%3A1711023347_f663,240,0,163
1711023346907,240,HTTP Request - fidustest.skolverket-0,302,Thread Group 1-182,,116,116,https://fidustest.skolverket.se/Shibboleth.sso/Login?target=https://fidustest.skolverket.se/secure&entityID=https://idp-skolverket.dev.eduid.se/2021005208,240,0,163
1711023347149,50845,HTTP Request - fidustest.skolverket-1,Non HTTP response code: java.net.SocketException,Thread Group 1-182,,116,116,https://idp-skolverket.dev.eduid.se/EduidSP/2021005208/sso/redirect?SAMLRequest=hZJfT4MwFMW%2FCuk7K%2BBw0IwlczNxyVQypg%2B%2BmELvpBm02Fumfnth%2BGe%2BzLeb3NPfyTm9U%2BR11bB5a0u1gdcW0DrvdaWQHRcJaY1imqNEpngNyGzBsvntmgUjjzVGW13oijhzRDBWarXQCtsaTAbmIAt42KwTUlrbIKN0J0WLtnMY4V5XBzB76EagWSnzXFdgyxGipj0%2BoOl9tiXOslNLxXvyL0eKxj0hCDiMQLRS9KzrfshSGniB73lh4EW0ZxoQ0kBhibNaJuT5Mspz2BVxnBeFECLexXnUycdeFHIxycNOhtjCSqHlyiako41d78IN%2FK0fMD9k48kTcdKv%2BFdSCalezneVDyJkN9tt6g7pHsHgMVknILNp3zg7GpuTPziP5d%2FFk9l%2FNeNPzVN6YjX4NuyuY6%2BWqa5k8eHMq0q%2FLQxwCwnxCZ0NT%2F4eyuwT&RelayState=cookie%3A1711023347_f663,0,0,50845
1711023275410,122589,HTTP Request - fidustest.skolverket,Non HTTP response code: java.net.SocketException,Thread Group 1-39,Test failed: code expected to contain /200/,116,116,https://idp-skolverket.dev.eduid.se/EduidSP/2021005208/sso/redirect?SAMLRequest=hZJfT4MwFMW%2FCun7Vihb1GaQ4GbikqlE0AdfTEcv0gxa7C1Tv70w%2FDNf5ttN7unv5JzeBYqmbnnSuUrfw2sH6Lz3ptbID4uIdFZzI1Ah16IB5K7gWXKz4Wzq89YaZwpTEy9BBOuU0UujsWvAZmD3qoCH%2B01EKuda5JSWSnboeocp7ky9B7uDfgSaVWq7NTW4aopo6IBnNL3LcuKterXSYiD%2FcpRsJ0cECfspyE7JgXU1DFlKmc8C358z%2F5wOTAtSWSgc8dariDzLObCyDEIQMxnKQhRMCBlAIMMzUQr%2FopchdrDW6IR2Eelps4kfTliQB4wHMx7On4iXfsW%2FVFoq%2FXK6q%2B0oQn6d5%2BlkTPcIFg%2FJegGJF0Pj%2FGBsj%2F7gNFZ8F0%2Fi%2F2rGn5oX9Mhq9G35bc9er1JTq%2BLDS%2BravC0tCAcRCQiNxyd%2FDyX%2BBA%3D%3D&RelayState=cookie%3A1711023275_42ff,164,0,121
1711023275410,165,HTTP Request - fidustest.skolverket-0,302,Thread Group 1-39,,116,116,https://fidustest.skolverket.se/Shibboleth.sso/Login?target=https://fidustest.skolverket.se/secure&entityID=https://idp-skolverket.dev.eduid.se/2021005208,164,0,121
1711023275575,122424,HTTP Request - fidustest.skolverket-1,Non HTTP response code: java.net.SocketException,Thread Group 1-39,,116,116,https://idp-skolverket.dev.eduid.se/EduidSP/2021005208/sso/redirect?SAMLRequest=hZJfT4MwFMW%2FCun7Vihb1GaQ4GbikqlE0AdfTEcv0gxa7C1Tv70w%2FDNf5ttN7unv5JzeBYqmbnnSuUrfw2sH6Lz3ptbID4uIdFZzI1Ah16IB5K7gWXKz4Wzq89YaZwpTEy9BBOuU0UujsWvAZmD3qoCH%2B01EKuda5JSWSnboeocp7ky9B7uDfgSaVWq7NTW4aopo6IBnNL3LcuKterXSYiD%2FcpRsJ0cECfspyE7JgXU1DFlKmc8C358z%2F5wOTAtSWSgc8dariDzLObCyDEIQMxnKQhRMCBlAIMMzUQr%2FopchdrDW6IR2Eelps4kfTliQB4wHMx7On4iXfsW%2FVFoq%2FXK6q%2B0oQn6d5%2BlkTPcIFg%2FJegGJF0Pj%2FGBsj%2F7gNFZ8F0%2Fi%2F2rGn5oX9Mhq9G35bc9er1JTq%2BLDS%2BravC0tCAcRCQiNxyd%2FDyX%2BBA%3D%3D&RelayState=cookie%3A1711023275_42ff,0,0,122424
1711023337908,60086,HTTP Request - fidustest.skolverket,Non HTTP response code: java.net.SocketException,Thread Group 1-164,Test failed: code expected to contain /200/,115,115,https://idp-skolverket.dev.eduid.se/EduidSP/2021005208/sso/redirect?SAMLRequest=hZJLT8MwEIT%2FSuR74sR5kFpNpdAiUalA1BQOXFAeC7Ga2sHrFPj3JC2Pcim3lXb8jWa8Uyx2bcfT3jRyDa89oLHed61EflgkpNeSqwIFclnsALmpeJ7erDhzXN5pZVSlWmKliKCNUHKuJPY70Dnovajgfr1KSGNMh5zSZ1H3aAYHB7eq3YPewjACzRtRlqoF0ziIio54RrO7fEOsxaAWshjJvxxRd%2FYJoYa9A3Uv6pF1NQ55RpnLPNcNmRvTkamhFhoqQ6zlIiFPUVW6k7hmcRBB6V94EHkQxlEUBP4kDDw2yBB7WEo0hTQJGWiB7fo28zYe417I%2FfiRWNlX%2FEshayFfzndVHkXIrzebzD6mewCNh2SDgMymY%2BP8YKxP%2FuA8tvgunsz%2Bqxl%2Fap7SE6ujb8dvB%2FZykalWVB9W2rbqba6hMJAQj9DZ8cnfQ5l9Ag%3D%3D&RelayState=cookie%3A1711023338_1bb0,181,0,131
1711023337908,181,HTTP Request - fidustest.skolverket-0,302,Thread Group 1-164,,115,115,https://fidustest.skolverket.se/Shibboleth.sso/Login?target=https://fidustest.skolverket.se/secure&entityID=https://idp-skolverket.dev.eduid.se/2021005208,181,0,131
1711023338090,59904,HTTP Request - fidustest.skolverket-1,Non HTTP response code: java.net.SocketException,Thread Group 1-164,,115,115,https://idp-skolverket.dev.eduid.se/EduidSP/2021005208/sso/redirect?SAMLRequest=hZJLT8MwEIT%2FSuR74sR5kFpNpdAiUalA1BQOXFAeC7Ga2sHrFPj3JC2Pcim3lXb8jWa8Uyx2bcfT3jRyDa89oLHed61EflgkpNeSqwIFclnsALmpeJ7erDhzXN5pZVSlWmKliKCNUHKuJPY70Dnovajgfr1KSGNMh5zSZ1H3aAYHB7eq3YPewjACzRtRlqoF0ziIio54RrO7fEOsxaAWshjJvxxRd%2FYJoYa9A3Uv6pF1NQ55RpnLPNcNmRvTkamhFhoqQ6zlIiFPUVW6k7hmcRBB6V94EHkQxlEUBP4kDDw2yBB7WEo0hTQJGWiB7fo28zYe417I%2FfiRWNlX%2FEshayFfzndVHkXIrzebzD6mewCNh2SDgMymY%2BP8YKxP%2FuA8tvgunsz%2Bqxl%2Fap7SE6ujb8dvB%2FZykalWVB9W2rbqba6hMJAQj9DZ8cnfQ5l9Ag%3D%3D&RelayState=cookie%3A1711023338_1bb0,0,0,59904
1711023292407,105591,HTTP Request - fidustest.skolverket,Non HTTP response code: java.net.SocketException,Thread Group 1-73,Test failed: code expected to contain /200/,114,114,https://idp-skolverket.dev.eduid.se/EduidSP/2021005208/sso/redirect?SAMLRequest=hZJfT8IwFMW%2FytJ3aFcZYsNIEEwkQV3Y9MEXU9aLa9ja2duhfns35h980beb3NPfyTm9U5RVWYt54wuzgZcG0AdvVWlQHBcxaZwRVqJGYWQFKHwu0vnNWvAhE7Wz3ua2JMEcEZzX1iyswaYCl4I76BzuN%2BuYFN7XKCjdadWgbx2GuLflAdwe2hFoWujt1pbgiyGipR2e0%2BQuzUiwbNXayI78w9GqHpwQFByGoBqtOtZVN6QJ5YyHjEWcTWjHdKC0g9yTYLWMyRM%2Fh10Eo0ju2FiqkPMccjaRbMsVvxgz3soQG1gZ9NL4mLS00YCdDXiYhVyEIxHxRxIkn%2FEvtVHaPP%2Fd1bYXobjOsmTQp3sAh8dkrYDMpl3j4mjsTv7gb6z8Kp7M%2FqsZv2ue0hOr3rcWty17tUxsqfP3YF6W9nXhQHqISUjorH%2Fy%2B1BmHw%3D%3D&RelayState=cookie%3A1711023292_fff6,166,0,123
1711023292407,166,HTTP Request - fidustest.skolverket-0,302,Thread Group 1-73,,114,114,https://fidustest.skolverket.se/Shibboleth.sso/Login?target=https://fidustest.skolverket.se/secure&entityID=https://idp-skolverket.dev.eduid.se/2021005208,166,0,123
1711023292574,105424,HTTP Request - fidustest.skolverket-1,Non HTTP response code: java.net.SocketException,Thread Group 1-73,,114,114,https://idp-skolverket.dev.eduid.se/EduidSP/2021005208/sso/redirect?SAMLRequest=hZJfT8IwFMW%2FytJ3aFcZYsNIEEwkQV3Y9MEXU9aLa9ja2duhfns35h980beb3NPfyTm9U5RVWYt54wuzgZcG0AdvVWlQHBcxaZwRVqJGYWQFKHwu0vnNWvAhE7Wz3ua2JMEcEZzX1iyswaYCl4I76BzuN%2BuYFN7XKCjdadWgbx2GuLflAdwe2hFoWujt1pbgiyGipR2e0%2BQuzUiwbNXayI78w9GqHpwQFByGoBqtOtZVN6QJ5YyHjEWcTWjHdKC0g9yTYLWMyRM%2Fh10Eo0ju2FiqkPMccjaRbMsVvxgz3soQG1gZ9NL4mLS00YCdDXiYhVyEIxHxRxIkn%2FEvtVHaPP%2Fd1bYXobjOsmTQp3sAh8dkrYDMpl3j4mjsTv7gb6z8Kp7M%2FqsZv2ue0hOr3rcWty17tUxsqfP3YF6W9nXhQHqISUjorH%2Fy%2B1BmHw%3D%3D&RelayState=cookie%3A1711023292_fff6,0,0,105424
1711023354906,43088,HTTP Request - fidustest.skolverket,Non HTTP response code: java.net.SocketException,Thread Group 1-198,Test failed: code expected to contain /200/,114,114,https://idp-skolverket.dev.eduid.se/EduidSP/2021005208/sso/redirect?SAMLRequest=hZJfT8IwFMW%2FytJ31q1sgg0jQTCRBHVh6IMvpqx30rC1s7dD%2FfZuzD%2F4gm83uae%2Fk3N6Jyiqsuazxu30Gl4bQOe9V6VGflwkpLGaG4EKuRYVIHc5z2a3K878gNfWOJObkngzRLBOGT03GpsKbAb2oHJ4WK8SsnOuRk5poWSDrnXwcW%2FKA9g9tCPQbKe2W1OC2%2FmIhnZ4RtP7bEO8RatWWnTkX46S9eCEIOHgg2yU7FjX3ZCllAUsDIKYBWPaMS1IZSF3xFsuEvIscxZcQHgZDoeBHEUQR2MR5WFRyHExigVrZYgNLDU6oV1CWlo0CIYDFm5CxsOYx%2FET8dKv%2BFdKS6Vfzne17UXIbzabdNCnewSLx2StgEwnXeP8aGxP%2FuA8VnwXT6b%2F1Yw%2FNU%2FoiVXvW%2FO7lr1cpKZU%2BYc3K0vzNrcgHCQkJHTaP%2Fl7KNNP&RelayState=cookie%3A1711023355_bb27,166,0,126
1711023354906,166,HTTP Request - fidustest.skolverket-0,302,Thread Group 1-198,,114,114,https://fidustest.skolverket.se/Shibboleth.sso/Login?target=https://fidustest.skolverket.se/secure&entityID=https://idp-skolverket.dev.eduid.se/2021005208,166,0,126
1711023355072,42922,HTTP Request - fidustest.skolverket-1,Non HTTP response code: java.net.SocketException,Thread Group 1-198,,114,114,https://idp-skolverket.dev.eduid.se/EduidSP/2021005208/sso/redirect?SAMLRequest=hZJfT8IwFMW%2FytJ31q1sgg0jQTCRBHVh6IMvpqx30rC1s7dD%2FfZuzD%2F4gm83uae%2Fk3N6Jyiqsuazxu30Gl4bQOe9V6VGflwkpLGaG4EKuRYVIHc5z2a3K878gNfWOJObkngzRLBOGT03GpsKbAb2oHJ4WK8SsnOuRk5poWSDrnXwcW%2FKA9g9tCPQbKe2W1OC2%2FmIhnZ4RtP7bEO8RatWWnTkX46S9eCEIOHgg2yU7FjX3ZCllAUsDIKYBWPaMS1IZSF3xFsuEvIscxZcQHgZDoeBHEUQR2MR5WFRyHExigVrZYgNLDU6oV1CWlo0CIYDFm5CxsOYx%2FET8dKv%2BFdKS6Vfzne17UXIbzabdNCnewSLx2StgEwnXeP8aGxP%2FuA8VnwXT6b%2F1Yw%2FNU%2FoiVXvW%2FO7lr1cpKZU%2BYc3K0vzNrcgHCQkJHTaP%2Fl7KNNP&RelayState=cookie%3A1711023355_bb27,0,0,42922
1711023337407,60588,HTTP Request - fidustest.skolverket,Non HTTP response code: java.net.SocketException,Thread Group 1-163,Test failed: code expected to contain /200/,111,111,https://idp-skolverket.dev.eduid.se/EduidSP/2021005208/sso/redirect?SAMLRequest=hZJLT8MwEIT%2FSuR769ilL6upFFokKhWImsCBC4rjhVpN7eB1Cvx7koZHuZTbSjv%2BRjPeGeb7shJx7bdmA681oA%2Fe96VBcVxEpHZG2Bw1CpPvAYUvRBrfrAXvh6Jy1tvCliSIEcF5bc3CGqz34FJwB13A%2FWYdka33FQpKn7Wq0TcOfdzZ8gBuB80INN1qKW0JfttHtLTFc5rcpRkJlo1am7wl%2F3K0qnonBAWHPqhaq5Z11Q5pQnnIWRgOeTihLdOB0g4KT4LVMiJPE8nZiE0GXOaKjceDCR8xJcPReDSdFlLKRoZYw8qgz42PSEO76IWDHmcZ44INxWD8SILkK%2F6lNkqbl%2FNdyU6E4jrLkl6X7gEcHpM1AjKftY2Lo7E7%2BYPz2Py7eDL%2Fr2b8qXlGT6w630rcNuzVMrGlLj6CuCzt28JB7iEijNB59%2BTvocw%2FAQ%3D%3D&RelayState=cookie%3A1711023337_8847,175,0,125
1711023337407,175,HTTP Request - fidustest.skolverket-0,302,Thread Group 1-163,,111,111,https://fidustest.skolverket.se/Shibboleth.sso/Login?target=https://fidustest.skolverket.se/secure&entityID=https://idp-skolverket.dev.eduid.se/2021005208,175,0,125
1711023337583,60412,HTTP Request - fidustest.skolverket-1,Non HTTP response code: java.net.SocketException,Thread Group 1-163,,111,111,https://idp-skolverket.dev.eduid.se/EduidSP/2021005208/sso/redirect?SAMLRequest=hZJLT8MwEIT%2FSuR769ilL6upFFokKhWImsCBC4rjhVpN7eB1Cvx7koZHuZTbSjv%2BRjPeGeb7shJx7bdmA681oA%2Fe96VBcVxEpHZG2Bw1CpPvAYUvRBrfrAXvh6Jy1tvCliSIEcF5bc3CGqz34FJwB13A%2FWYdka33FQpKn7Wq0TcOfdzZ8gBuB80INN1qKW0JfttHtLTFc5rcpRkJlo1am7wl%2F3K0qnonBAWHPqhaq5Z11Q5pQnnIWRgOeTihLdOB0g4KT4LVMiJPE8nZiE0GXOaKjceDCR8xJcPReDSdFlLKRoZYw8qgz42PSEO76IWDHmcZ44INxWD8SILkK%2F6lNkqbl%2FNdyU6E4jrLkl6X7gEcHpM1AjKftY2Lo7E7%2BYPz2Py7eDL%2Fr2b8qXlGT6w630rcNuzVMrGlLj6CuCzt28JB7iEijNB59%2BTvocw%2FAQ%3D%3D&RelayState=cookie%3A1711023337_8847,0,0,60412
1711023282409,115591,HTTP Request - fidustest.skolverket,Non HTTP response code: java.net.SocketException,Thread Group 1-53,Test failed: code expected to contain /200/,111,111,https://idp-skolverket.dev.eduid.se/EduidSP/2021005208/sso/redirect?SAMLRequest=hZLdT4MwFMX%2FFdJ3VihISDNIcDNxyVQi6IMvho87aQYt9pap%2F70w%2FJgv8%2B0m9%2FR3ck7vEouu7XkymEbew%2BsAaKz3rpXIj4uIDFpyVaBALosOkJuKZ8nNlrOFw3utjKpUS6wEEbQRSq6UxKEDnYE%2BiAoe7rcRaYzpkVO6E%2FWAZnRY4F61B9B7GEegWSPKUrVgmgWiohOe0fQuy4m1HtVCFhP5lyPq3j4h1HBYQD2IemJdTUOWUuYw13EumBPSiamhFhoqQ6zNOiLPfggQ%2BM6uDEs39MoygCpwvbIKgO18z%2FFGGeIAG4mmkCYiI823Hc9mbu4y7vrcZ0%2FESr%2FiXwpZC%2FlyvqtyFiG%2FzvPUntM9gsZjslFA4uXUOD8a65M%2FOI8tvosn8X8140%2FNS3piNfv2%2FHZkb9apakX1YSVtq95WGgoDEXEJjecnfw8l%2FgQ%3D&RelayState=cookie%3A1711023282_1d36,191,0,130
1711023282409,191,HTTP Request - fidustest.skolverket-0,302,Thread Group 1-53,,111,111,https://fidustest.skolverket.se/Shibboleth.sso/Login?target=https://fidustest.skolverket.se/secure&entityID=https://idp-skolverket.dev.eduid.se/2021005208,191,0,130
1711023282601,115399,HTTP Request - fidustest.skolverket-1,Non HTTP response code: java.net.SocketException,Thread Group 1-53,,111,111,https://idp-skolverket.dev.eduid.se/EduidSP/2021005208/sso/redirect?SAMLRequest=hZLdT4MwFMX%2FFdJ3VihISDNIcDNxyVQi6IMvho87aQYt9pap%2F70w%2FJgv8%2B0m9%2FR3ck7vEouu7XkymEbew%2BsAaKz3rpXIj4uIDFpyVaBALosOkJuKZ8nNlrOFw3utjKpUS6wEEbQRSq6UxKEDnYE%2BiAoe7rcRaYzpkVO6E%2FWAZnRY4F61B9B7GEegWSPKUrVgmgWiohOe0fQuy4m1HtVCFhP5lyPq3j4h1HBYQD2IemJdTUOWUuYw13EumBPSiamhFhoqQ6zNOiLPfggQ%2BM6uDEs39MoygCpwvbIKgO18z%2FFGGeIAG4mmkCYiI823Hc9mbu4y7vrcZ0%2FESr%2FiXwpZC%2FlyvqtyFiG%2FzvPUntM9gsZjslFA4uXUOD8a65M%2FOI8tvosn8X8140%2FNS3piNfv2%2FHZkb9apakX1YSVtq95WGgoDEXEJjecnfw8l%2FgQ%3D&RelayState=cookie%3A1711023282_1d36,0,0,115399
1711023308903,89094,HTTP Request - fidustest.skolverket,Non HTTP response code: java.net.SocketException,Thread Group 1-106,Test failed: code expected to contain /200/,110,110,https://idp-skolverket.dev.eduid.se/EduidSP/2021005208/sso/redirect?SAMLRequest=hZJLb8IwEIT%2FSuQ7%2BMHbIkgpVCoSbSNCe%2BilSuKlWAQ79Tq0%2FfdNSB%2F0Qm8r7fgbzXinmB6KUkaV35k1vFaAPng%2FFAblaRGSyhlpU9QoTXoAlD6XSXS7kqLLZOmst7ktSBAhgvPamrk1WB3AJeCOOoeH9SokO%2B9LlJRutarQ1w5d3NviCG4P9Qg02eksswX4XRfR0gYvaHyfbEiwqNXapA35l6NV2TkjKDh2QVVaNazrZkhiKpjgjA0EG9OG6UBpB7knwXIRkmcxGky4UFz0xZCxHmMwVJzxyTjfZnzEBrUMsYKlQZ8aH5Ka1u%2BwXkfwDReSDySbPJEg%2Fop%2FpY3S5uVyV1krQnmz2cSdNt0jODwlqwVkNm0alydjd%2FYHl7Hpd%2FFk9l%2FN%2BFPzlJ5Ztb6lvKvZy0VsC51%2FBFFR2Le5g9RDSDihs%2FbJ30OZfQI%3D&RelayState=cookie%3A1711023309_bfea,168,0,110
1711023308903,168,HTTP Request - fidustest.skolverket-0,302,Thread Group 1-106,,110,110,https://fidustest.skolverket.se/Shibboleth.sso/Login?target=https://fidustest.skolverket.se/secure&entityID=https://idp-skolverket.dev.eduid.se/2021005208,168,0,110
1711023309071,88926,HTTP Request - fidustest.skolverket-1,Non HTTP response code: java.net.SocketException,Thread Group 1-106,,110,110,https://idp-skolverket.dev.eduid.se/EduidSP/2021005208/sso/redirect?SAMLRequest=hZJLb8IwEIT%2FSuQ7%2BMHbIkgpVCoSbSNCe%2BilSuKlWAQ79Tq0%2FfdNSB%2F0Qm8r7fgbzXinmB6KUkaV35k1vFaAPng%2FFAblaRGSyhlpU9QoTXoAlD6XSXS7kqLLZOmst7ktSBAhgvPamrk1WB3AJeCOOoeH9SokO%2B9LlJRutarQ1w5d3NviCG4P9Qg02eksswX4XRfR0gYvaHyfbEiwqNXapA35l6NV2TkjKDh2QVVaNazrZkhiKpjgjA0EG9OG6UBpB7knwXIRkmcxGky4UFz0xZCxHmMwVJzxyTjfZnzEBrUMsYKlQZ8aH5Ka1u%2BwXkfwDReSDySbPJEg%2Fop%2FpY3S5uVyV1krQnmz2cSdNt0jODwlqwVkNm0alydjd%2FYHl7Hpd%2FFk9l%2FN%2BFPzlJ5Ztb6lvKvZy0VsC51%2FBFFR2Le5g9RDSDihs%2FbJ30OZfQI%3D&RelayState=cookie%3A1711023309_bfea,0,0,88926
1711023275910,122091,HTTP Request - fidustest.skolverket,Non HTTP response code: java.net.SocketException,Thread Group 1-40,Test failed: code expected to contain /200/,108,108,https://idp-skolverket.dev.eduid.se/EduidSP/2021005208/sso/redirect?SAMLRequest=hZJfT8IwFMW%2FytJ31q4DlIaRIJhIgrqw6YMvZlsv0rC1s7dD%2FfZuzD%2F4gm83uae%2Fk3N6p5hVZS3mjdvpDbw2gM57r0qN4riISGO1MBkqFDqrAIUrRDK%2FXQvuM1Fb40xhSuLNEcE6ZfTCaGwqsAnYgyrgYbOOyM65GgWlWyUbdK2Dj3tTHsDuoR2BJjuV56YEt%2FMRDe3wnMb3SUq8ZatWOuvIvxwl68EJQcLBB9ko2bGuuyGJKWc8YGzE2SXtmBakslA44q2WEXlmecFHTDJ5AcXlhE%2FGANtwNAlglA9DHkIrQ2xgpdFl2kWkpQ0HLBzwIA24CIYiHD8RL%2F6Kf6W0VPrlfFd5L0Jxk6bxoE%2F3CBaPyVoBmU27xsXR2J78wXls9l08mf1XM%2F7UPKUnVr1vLe5a9moZm1IVH968LM3bwkLmICIBobP%2Byd9DmX0C&RelayState=cookie%3A1711023276_72f4,183,0,138
1711023275910,183,HTTP Request - fidustest.skolverket-0,302,Thread Group 1-40,,108,108,https://fidustest.skolverket.se/Shibboleth.sso/Login?target=https://fidustest.skolverket.se/secure&entityID=https://idp-skolverket.dev.eduid.se/2021005208,183,0,138
1711023276095,121906,HTTP Request - fidustest.skolverket-1,Non HTTP response code: java.net.SocketException,Thread Group 1-40,,108,108,https://idp-skolverket.dev.eduid.se/EduidSP/2021005208/sso/redirect?SAMLRequest=hZJfT8IwFMW%2FytJ31q4DlIaRIJhIgrqw6YMvZlsv0rC1s7dD%2FfZuzD%2F4gm83uae%2Fk3N6p5hVZS3mjdvpDbw2gM57r0qN4riISGO1MBkqFDqrAIUrRDK%2FXQvuM1Fb40xhSuLNEcE6ZfTCaGwqsAnYgyrgYbOOyM65GgWlWyUbdK2Dj3tTHsDuoR2BJjuV56YEt%2FMRDe3wnMb3SUq8ZatWOuvIvxwl68EJQcLBB9ko2bGuuyGJKWc8YGzE2SXtmBakslA44q2WEXlmecFHTDJ5AcXlhE%2FGANtwNAlglA9DHkIrQ2xgpdFl2kWkpQ0HLBzwIA24CIYiHD8RL%2F6Kf6W0VPrlfFd5L0Jxk6bxoE%2F3CBaPyVoBmU27xsXR2J78wXls9l08mf1XM%2F7UPKUnVr1vLe5a9moZm1IVH968LM3bwkLmICIBobP%2Byd9DmX0C&RelayState=cookie%3A1711023276_72f4,0,0,121906
1711023311407,86591,HTTP Request - fidustest.skolverket,Non HTTP response code: java.net.SocketException,Thread Group 1-111,Test failed: code expected to contain /200/,107,107,https://idp-skolverket.dev.eduid.se/EduidSP/2021005208/sso/redirect?SAMLRequest=hZJLb4MwEIT%2FCvI9GEOeVkCiSaVGSlsU0h56qQxsihWwqdek7b8vJH2kl%2FS20o6%2F0Yx3jqKuGh63tlQbeG0BrfNeVwr5cRGS1iiuBUrkStSA3OY8jW%2FX3Hc93hhtda4r4sSIYKzUaqEVtjWYFMxB5vCwWYektLZBTulOFi3azsHFva4OYPbQjUDTUmaZrsCWLqKmPd6nyX26Jc6yU0slevIvRxbN4IxQwMGFopVFz7ruhzShvuczzxv53pT2TAOFNJBb4qyWIXkOpt54losMgklejMZelu1mWTARbDhlOwbDTobYwkqhFcqGpKMNB14w8NmW%2BZyNOGNPxEm%2B4l9JVUj1crmr7CRCfrPdJoNTukcweEzWCUg07xvnR2Nz9geXseK7eBL9VzP%2B1DynZ1Yn34bfdezVMtGVzD%2BcuKr028KAsBASRmh0evL3UKJP&RelayState=cookie%3A1711023311_9e47,162,0,107
1711023311407,162,HTTP Request - fidustest.skolverket-0,302,Thread Group 1-111,,107,107,https://fidustest.skolverket.se/Shibboleth.sso/Login?target=https://fidustest.skolverket.se/secure&entityID=https://idp-skolverket.dev.eduid.se/2021005208,162,0,107
1711023311569,86429,HTTP Request - fidustest.skolverket-1,Non HTTP response code: java.net.SocketException,Thread Group 1-111,,107,107,https://idp-skolverket.dev.eduid.se/EduidSP/2021005208/sso/redirect?SAMLRequest=hZJLb4MwEIT%2FCvI9GEOeVkCiSaVGSlsU0h56qQxsihWwqdek7b8vJH2kl%2FS20o6%2F0Yx3jqKuGh63tlQbeG0BrfNeVwr5cRGS1iiuBUrkStSA3OY8jW%2FX3Hc93hhtda4r4sSIYKzUaqEVtjWYFMxB5vCwWYektLZBTulOFi3azsHFva4OYPbQjUDTUmaZrsCWLqKmPd6nyX26Jc6yU0slevIvRxbN4IxQwMGFopVFz7ruhzShvuczzxv53pT2TAOFNJBb4qyWIXkOpt54losMgklejMZelu1mWTARbDhlOwbDTobYwkqhFcqGpKMNB14w8NmW%2BZyNOGNPxEm%2B4l9JVUj1crmr7CRCfrPdJoNTukcweEzWCUg07xvnR2Nz9geXseK7eBL9VzP%2B1DynZ1Yn34bfdezVMtGVzD%2BcuKr028KAsBASRmh0evL3UKJP&RelayState=cookie%3A1711023311_9e47,0,0,86429
1711023267906,130094,HTTP Request - fidustest.skolverket,Non HTTP response code: java.net.SocketException,Thread Group 1-24,Test failed: code expected to contain /200/,107,107,https://idp-skolverket.dev.eduid.se/EduidSP/2021005208/sso/redirect?SAMLRequest=hZJfT4MwFMW%2FCuk7FNhGlmYsmZuJS6aSgT74Ygq9SDNosbdM%2FfbC8M98mW83uae%2Fk3N6F8ibumWrzlZqD68doHXem1ohOy1i0hnFNEeJTPEGkNmCpavbHQs9n7VGW13omjgrRDBWarXWCrsGTArmKAt42O9iUlnbIqO0lKJD2zt4eND1EcwB%2BhFoWsk81zXYykPUdMCHNLlPM%2BJserVUfCD%2FcqRo3TOCgKMHopNiYF0PQ5rQ0A8D35%2BF%2FpwOTANCGigscbabmDyXEUQTHpXljPOJ8KMihyIv5rMSSsE5THsZYgdbhZYrG5OeNnX9iRsGWRCyYMrC%2BRNxkq%2F4V1IJqV4ud5WPImQ3WZa4Y7pHMHhK1gvIcjE0zk7G5uwPLmP5d%2FFk%2BV%2FN%2BFPzgp5Zjb4tu%2BvZ202ia1l8OKu61m9rA9xCTAJCl%2BOTv4ey%2FAQ%3D&RelayState=cookie%3A1711023268_36ec,318,0,278
1711023267906,318,HTTP Request - fidustest.skolverket-0,302,Thread Group 1-24,,107,107,https://fidustest.skolverket.se/Shibboleth.sso/Login?target=https://fidustest.skolverket.se/secure&entityID=https://idp-skolverket.dev.eduid.se/2021005208,318,0,278
1711023268224,129776,HTTP Request - fidustest.skolverket-1,Non HTTP response code: java.net.SocketException,Thread Group 1-24,,107,107,https://idp-skolverket.dev.eduid.se/EduidSP/2021005208/sso/redirect?SAMLRequest=hZJfT4MwFMW%2FCuk7FNhGlmYsmZuJS6aSgT74Ygq9SDNosbdM%2FfbC8M98mW83uae%2Fk3N6F8ibumWrzlZqD68doHXem1ohOy1i0hnFNEeJTPEGkNmCpavbHQs9n7VGW13omjgrRDBWarXWCrsGTArmKAt42O9iUlnbIqO0lKJD2zt4eND1EcwB%2BhFoWsk81zXYykPUdMCHNLlPM%2BJserVUfCD%2FcqRo3TOCgKMHopNiYF0PQ5rQ0A8D35%2BF%2FpwOTANCGigscbabmDyXEUQTHpXljPOJ8KMihyIv5rMSSsE5THsZYgdbhZYrG5OeNnX9iRsGWRCyYMrC%2BRNxkq%2F4V1IJqV4ud5WPImQ3WZa4Y7pHMHhK1gvIcjE0zk7G5uwPLmP5d%2FFk%2BV%2FN%2BFPzgp5Zjb4tu%2BvZ202ia1l8OKu61m9rA9xCTAJCl%2BOTv4ey%2FAQ%3D&RelayState=cookie%3A1711023268_36ec,0,0,129776
1711023313906,84092,HTTP Request - fidustest.skolverket,Non HTTP response code: java.net.SocketException,Thread Group 1-116,Test failed: code expected to contain /200/,106,106,https://idp-skolverket.dev.eduid.se/EduidSP/2021005208/sso/redirect?SAMLRequest=hZLdT4MwFMX%2FFdJ3KEXmXDNIcDNxyVQy0AdfDB8XaQYt9pap%2F70w%2FJgv%2BnbTnv5OzrldYtY2HY96U8sdvPSAxnprG4n8eBGQXkuuMhTIZdYCclPwJLrZcs9xeaeVUYVqiBUhgjZCyZWS2LegE9AHUcD9bhuQ2pgOOaWVKHs0g4ODe9UcQO9hGIEmtchz1YCpHURFR7xH47skJdZ6UAuZjeQfjig7%2B4RQwsGBshflyLoahySmnusx15157gUdmRpKoaEwxNqsA%2FLEfD9b5BXL54t87i%2BYC7A4r6D05mw4hmqQIfawkWgyaQIy0HzbPbM9ljKPsxln%2FiOx4s%2F4l0KWQj7%2F3VU%2BiZBfp2lsT%2BkeQOMx2SAg4XJsnB%2BN9ckO%2FsZmX8WT8L%2Ba8bvmJT2xmnw7fjuwN%2BtYNaJ4t6KmUa8rDZmBgDBCw%2BnJ748SfgA%3D&RelayState=cookie%3A1711023314_f68e,122,0,75
1711023313906,122,HTTP Request - fidustest.skolverket-0,302,Thread Group 1-116,,106,106,https://fidustest.skolverket.se/Shibboleth.sso/Login?target=https://fidustest.skolverket.se/secure&entityID=https://idp-skolverket.dev.eduid.se/2021005208,122,0,75
1711023314030,83968,HTTP Request - fidustest.skolverket-1,Non HTTP response code: java.net.SocketException,Thread Group 1-116,,106,106,https://idp-skolverket.dev.eduid.se/EduidSP/2021005208/sso/redirect?SAMLRequest=hZLdT4MwFMX%2FFdJ3KEXmXDNIcDNxyVQy0AdfDB8XaQYt9pap%2F70w%2FJgv%2BnbTnv5OzrldYtY2HY96U8sdvPSAxnprG4n8eBGQXkuuMhTIZdYCclPwJLrZcs9xeaeVUYVqiBUhgjZCyZWS2LegE9AHUcD9bhuQ2pgOOaWVKHs0g4ODe9UcQO9hGIEmtchz1YCpHURFR7xH47skJdZ6UAuZjeQfjig7%2B4RQwsGBshflyLoahySmnusx15157gUdmRpKoaEwxNqsA%2FLEfD9b5BXL54t87i%2BYC7A4r6D05mw4hmqQIfawkWgyaQIy0HzbPbM9ljKPsxln%2FiOx4s%2F4l0KWQj7%2F3VU%2BiZBfp2lsT%2BkeQOMx2SAg4XJsnB%2BN9ckO%2FsZmX8WT8L%2Ba8bvmJT2xmnw7fjuwN%2BtYNaJ4t6KmUa8rDZmBgDBCw%2BnJ748SfgA%3D&RelayState=cookie%3A1711023314_f68e,0,0,83968
1711023270906,127095,HTTP Request - fidustest.skolverket,Non HTTP response code: java.net.SocketException,Thread Group 1-30,Test failed: code expected to contain /200/,105,105,https://idp-skolverket.dev.eduid.se/EduidSP/2021005208/sso/redirect?SAMLRequest=hZJLT8MwEIT%2FSuR74iR9BaupVFokKhWImsKBC3LshVpN7OB1Cvx7koZHuZTbSjv%2BRjPeKfKqrNm8cTu9gdcG0HnvVamRHRcpaaxmhqNCpnkFyJxg%2BfxmzeIgZLU1zghTEm%2BOCNYpoxdGY1OBzcEelID7zTolO%2BdqZJQ%2BK9mgax0C3JvyAHYP7Qg036miMCW4XYBoaIePaXaXb4m3bNVK8478y1Gy9k8IEg4ByEbJjnXVDXlG4zCOwnAUhwntmBaksiAc8VbLlDzBeHIhJoOL8YQLOZIjnsgkEmEECYhxwYtWhtjASqPj2qWkpQ39cODH0TaKWTRkg%2BiReNlX%2FEulpdIv57sqehGy6%2B028%2Ft0D2DxmKwVkNm0a5wdje3JH5zH8u%2Fiyey%2FmvGn5ik9sep9a3bbslfLzJRKfHjzsjRvCwvcQUoiQmf9k7%2BHMvsE&RelayState=cookie%3A1711023271_7f98,172,0,118
1711023270906,172,HTTP Request - fidustest.skolverket-0,302,Thread Group 1-30,,105,105,https://fidustest.skolverket.se/Shibboleth.sso/Login?target=https://fidustest.skolverket.se/secure&entityID=https://idp-skolverket.dev.eduid.se/2021005208,172,0,118
1711023271079,126922,HTTP Request - fidustest.skolverket-1,Non HTTP response code: java.net.SocketException,Thread Group 1-30,,105,105,https://idp-skolverket.dev.eduid.se/EduidSP/2021005208/sso/redirect?SAMLRequest=hZJLT8MwEIT%2FSuR74iR9BaupVFokKhWImsKBC3LshVpN7OB1Cvx7koZHuZTbSjv%2BRjPeKfKqrNm8cTu9gdcG0HnvVamRHRcpaaxmhqNCpnkFyJxg%2BfxmzeIgZLU1zghTEm%2BOCNYpoxdGY1OBzcEelID7zTolO%2BdqZJQ%2BK9mgax0C3JvyAHYP7Qg036miMCW4XYBoaIePaXaXb4m3bNVK8478y1Gy9k8IEg4ByEbJjnXVDXlG4zCOwnAUhwntmBaksiAc8VbLlDzBeHIhJoOL8YQLOZIjnsgkEmEECYhxwYtWhtjASqPj2qWkpQ39cODH0TaKWTRkg%2BiReNlX%2FEulpdIv57sqehGy6%2B028%2Ft0D2DxmKwVkNm0a5wdje3JH5zH8u%2Fiyey%2FmvGn5ik9sep9a3bbslfLzJRKfHjzsjRvCwvcQUoiQmf9k7%2BHMvsE&RelayState=cookie%3A1711023271_7f98,0,0,126922
1711023264404,133597,HTTP Request - fidustest.skolverket,Non HTTP response code: java.net.SocketException,Thread Group 1-17,Test failed: code expected to contain /200/,105,105,https://idp-skolverket.dev.eduid.se/EduidSP/2021005208/sso/redirect?SAMLRequest=hZJfT8IwFMW%2FytJ36FYGgYaRTDCRBHVh6IMvprQX1zDa2duhfns35h98wbfb9PR3cs7tFMWhrHha%2B8Ks4bUG9MH7oTTITxcJqZ3hVqBGbsQBkHvJ8%2FR2xVk%2F5JWz3kpbkiBFBOe1NXNrsD6Ay8EdtYSH9SohhfcVckp3WtXoG4c%2B7m15BLeHZgSaF3q7tSX4oo9oaYtnNLvPNyRYNGptREv%2B5WhV9c4ICo59ULVWLeu6HfKMspBFYThk4Zi2TAdKO5CeBMtFQp7jcCKZEmokh1IOxsPtZDAZ7sLmNJKTWOwaGWINS4NeGJ%2BQhhb3wkGPRZuI8SjmLH4iQfYV%2F0obpc3L5a62nQj5zWaT9bp0j%2BDwlKwRkNm0bZyfjN3ZDi5jxXfxZPZfzfhT85SeWXW%2BFb9r2MtFZkstP4K0LO3b3IHwkJCI0Fn35O9HmX0C&RelayState=cookie%3A1711023264_e891,112,0,69
1711023264404,112,HTTP Request - fidustest.skolverket-0,302,Thread Group 1-17,,105,105,https://fidustest.skolverket.se/Shibboleth.sso/Login?target=https://fidustest.skolverket.se/secure&entityID=https://idp-skolverket.dev.eduid.se/2021005208,112,0,69
1711023264516,133485,HTTP Request - fidustest.skolverket-1,Non HTTP response code: java.net.SocketException,Thread Group 1-17,,105,105,https://idp-skolverket.dev.eduid.se/EduidSP/2021005208/sso/redirect?SAMLRequest=hZJfT8IwFMW%2FytJ36FYGgYaRTDCRBHVh6IMvprQX1zDa2duhfns35h98wbfb9PR3cs7tFMWhrHha%2B8Ks4bUG9MH7oTTITxcJqZ3hVqBGbsQBkHvJ8%2FR2xVk%2F5JWz3kpbkiBFBOe1NXNrsD6Ay8EdtYSH9SohhfcVckp3WtXoG4c%2B7m15BLeHZgSaF3q7tSX4oo9oaYtnNLvPNyRYNGptREv%2B5WhV9c4ICo59ULVWLeu6HfKMspBFYThk4Zi2TAdKO5CeBMtFQp7jcCKZEmokh1IOxsPtZDAZ7sLmNJKTWOwaGWINS4NeGJ%2BQhhb3wkGPRZuI8SjmLH4iQfYV%2F0obpc3L5a62nQj5zWaT9bp0j%2BDwlKwRkNm0bZyfjN3ZDi5jxXfxZPZfzfhT85SeWXW%2BFb9r2MtFZkstP4K0LO3b3IHwkJCI0Fn35O9HmX0C&RelayState=cookie%3A1711023264_e891,0,0,133485
1711023344907,53090,HTTP Request - fidustest.skolverket,Non HTTP response code: java.net.SocketException,Thread Group 1-178,Test failed: code expected to contain /200/,102,102,https://idp-skolverket.dev.eduid.se/EduidSP/2021005208/sso/redirect?SAMLRequest=hZJfT4MwFMW%2FCuk7FMow2IwlczNxyVQy0AdfTEfvpBlrsbdM%2FfbC5p%2F5Mt9uck9%2FJ%2Bf0jlHsmpZPO1frFbx2gM573zUa%2BWGRkc5qbgQq5FrsALmreDG9XXIWhLy1xpnKNMSbIoJ1yuiZ0djtwBZg96qCh9UyI7VzLXJKN0p26HqHALem2YPdQj8CLWq1XpsGXB0gGjrgGc3vi5J4816ttBjIvxwlW%2F%2BEIGEfgOyUHFjXw1DklIUsCsOEhSkdmBakslA54i3mGXlOIU03Ik5lmjAG0WbEUpGGVXh5ETMZybiXIXaw0OiEdhnpaSM%2FjH0WlRHjUcJHyRPx8q%2F4V0pLpV%2FOd7U%2BipDflGXuH9M9gsVDsl5AJuOhcX4wtid%2FcB4rvosnk%2F9qxp%2Bax%2FTE6ujb8ruevZjnplHVhzdtGvM2syAcZCQidHJ88vdQJp8%3D&RelayState=cookie%3A1711023345_bfaa,151,0,113
1711023344907,151,HTTP Request - fidustest.skolverket-0,302,Thread Group 1-178,,102,102,https://fidustest.skolverket.se/Shibboleth.sso/Login?target=https://fidustest.skolverket.se/secure&entityID=https://idp-skolverket.dev.eduid.se/2021005208,151,0,113
1711023297405,100596,HTTP Request - fidustest.skolverket,Non HTTP response code: java.net.SocketException,Thread Group 1-83,Test failed: code expected to contain /200/,107,107,https://idp-skolverket.dev.eduid.se/EduidSP/2021005208/sso/redirect?SAMLRequest=hZJLT8MwEIT%2FSuR7Ysfpg1pNpdIiUYlH1AQOXJCTbKnV1A5ep8C%2FJ2l4lEu5rbTjbzTjnaLcV7WYN26r1%2FDaADrvfV9pFMdFTBqrhZGoUGi5BxSuEOn89kbwgInaGmcKUxFvjgjWKaMXRmOzB5uCPagCHtY3Mdk6V6OgdKPKBl3rEODOVAewO2hHoOlW5bmpwG0DREM7PKfJfZoRb9mqlZYd%2BZejyto%2FIZRwCKBsVNmxrrohTShnPGRsyNkF7ZgWSmWhcMRbLWPynA94OZ5ELJKwCcNoMmK8kNFwPMrHk5ANWCtDbGCl0UntYtLSBj6LfB5mIRfhQAzHT8RLvuJfKl0q%2FXK%2Bq7wXobjOssTv0z2CxWOyVkBm065xcTS2J39wHiu%2Fiyez%2F2rGn5qn9MSq963FXcteLRNTqeLDm1eVeVtYkA5iEhI665%2F8PZTZJw%3D%3D&RelayState=cookie%3A1711023297_7d8a,155,0,115
1711023297405,155,HTTP Request - fidustest.skolverket-0,302,Thread Group 1-83,,107,107,https://fidustest.skolverket.se/Shibboleth.sso/Login?target=https://fidustest.skolverket.se/secure&entityID=https://idp-skolverket.dev.eduid.se/2021005208,155,0,115
1711023297561,100440,HTTP Request - fidustest.skolverket-1,Non HTTP response code: java.net.SocketException,Thread Group 1-83,,107,107,https://idp-skolverket.dev.eduid.se/EduidSP/2021005208/sso/redirect?SAMLRequest=hZJLT8MwEIT%2FSuR7Ysfpg1pNpdIiUYlH1AQOXJCTbKnV1A5ep8C%2FJ2l4lEu5rbTjbzTjnaLcV7WYN26r1%2FDaADrvfV9pFMdFTBqrhZGoUGi5BxSuEOn89kbwgInaGmcKUxFvjgjWKaMXRmOzB5uCPagCHtY3Mdk6V6OgdKPKBl3rEODOVAewO2hHoOlW5bmpwG0DREM7PKfJfZoRb9mqlZYd%2BZejyto%2FIZRwCKBsVNmxrrohTShnPGRsyNkF7ZgWSmWhcMRbLWPynA94OZ5ELJKwCcNoMmK8kNFwPMrHk5ANWCtDbGCl0UntYtLSBj6LfB5mIRfhQAzHT8RLvuJfKl0q%2FXK%2Bq7wXobjOssTv0z2CxWOyVkBm065xcTS2J39wHiu%2Fiyez%2F2rGn5qn9MSq963FXcteLRNTqeLDm1eVeVtYkA5iEhI665%2F8PZTZJw%3D%3D&RelayState=cookie%3A1711023297_7d8a,0,0,100440
1711023351909,46088,HTTP Request - fidustest.skolverket,Non HTTP response code: java.net.SocketException,Thread Group 1-192,Test failed: code expected to contain /200/,102,102,https://idp-skolverket.dev.eduid.se/EduidSP/2021005208/sso/redirect?SAMLRequest=hZLdT4MwFMX%2FFdJ3aGHgtmaQ4GbikqlkoA%2B%2BGD6u0oy12Fum%2FvfC8GO%2BzLeb3NPfyTm9C8z3TcvjztRyC68doLHe941EflyEpNOSqxwFcpnvAbkpeRrfbLjnMN5qZVSpGmLFiKCNUHKpJHZ70CnogyjhfrsJSW1Mi5zSZ1F1aHoHB3eqOYDeQT8CTWtRFKoBUzuIig54jyZ3aUasVa8WMh%2FIvxxRtfYJoYKDA1UnqoF1NQxpQj3muYwFHpvRgamhEhpKQ6z1KiRPc8b8aRUUBfiz6Xx2MS1zvwym7sSduxPmB70MsYO1RJNLE5Ke5ttsYntu5nrcDXjgPRIr%2BYp%2FKWQl5Mv5ropRhPw6yxJ7TPcAGo%2FJegGJFkPj%2FGisT%2F7gPDb%2FLp5E%2F9WMPzUv6InV6Nvy2569XiWqEeWHFTeNeltqyA2ExCU0Gp%2F8PZToEw%3D%3D&RelayState=cookie%3A1711023352_33c5,155,0,108
1711023351909,155,HTTP Request - fidustest.skolverket-0,302,Thread Group 1-192,,102,102,https://fidustest.skolverket.se/Shibboleth.sso/Login?target=https://fidustest.skolverket.se/secure&entityID=https://idp-skolverket.dev.eduid.se/2021005208,155,0,108
1711023352066,45931,HTTP Request - fidustest.skolverket-1,Non HTTP response code: java.net.SocketException,Thread Group 1-192,,102,102,https://idp-skolverket.dev.eduid.se/EduidSP/2021005208/sso/redirect?SAMLRequest=hZLdT4MwFMX%2FFdJ3aGHgtmaQ4GbikqlkoA%2B%2BGD6u0oy12Fum%2FvfC8GO%2BzLeb3NPfyTm9C8z3TcvjztRyC68doLHe941EflyEpNOSqxwFcpnvAbkpeRrfbLjnMN5qZVSpGmLFiKCNUHKpJHZ70CnogyjhfrsJSW1Mi5zSZ1F1aHoHB3eqOYDeQT8CTWtRFKoBUzuIig54jyZ3aUasVa8WMh%2FIvxxRtfYJoYKDA1UnqoF1NQxpQj3muYwFHpvRgamhEhpKQ6z1KiRPc8b8aRUUBfiz6Xx2MS1zvwym7sSduxPmB70MsYO1RJNLE5Ke5ttsYntu5nrcDXjgPRIr%2BYp%2FKWQl5Mv5ropRhPw6yxJ7TPcAGo%2FJegGJFkPj%2FGisT%2F7gPDb%2FLp5E%2F9WMPzUv6InV6Nvy2569XiWqEeWHFTeNeltqyA2ExCU0Gp%2F8PZToEw%3D%3D&RelayState=cookie%3A1711023352_33c5,0,0,45931
1711023345058,52939,HTTP Request - fidustest.skolverket-1,Non HTTP response code: java.net.SocketException,Thread Group 1-178,,102,102,https://idp-skolverket.dev.eduid.se/EduidSP/2021005208/sso/redirect?SAMLRequest=hZJfT4MwFMW%2FCuk7FMow2IwlczNxyVQy0AdfTEfvpBlrsbdM%2FfbC5p%2F5Mt9uck9%2FJ%2Bf0jlHsmpZPO1frFbx2gM573zUa%2BWGRkc5qbgQq5FrsALmreDG9XXIWhLy1xpnKNMSbIoJ1yuiZ0djtwBZg96qCh9UyI7VzLXJKN0p26HqHALem2YPdQj8CLWq1XpsGXB0gGjrgGc3vi5J4816ttBjIvxwlW%2F%2BEIGEfgOyUHFjXw1DklIUsCsOEhSkdmBakslA54i3mGXlOIU03Ik5lmjAG0WbEUpGGVXh5ETMZybiXIXaw0OiEdhnpaSM%2FjH0WlRHjUcJHyRPx8q%2F4V0pLpV%2FOd7U%2BipDflGXuH9M9gsVDsl5AJuOhcX4wtid%2FcB4rvosnk%2F9qxp%2Bax%2FTE6ujb8ruevZjnplHVhzdtGvM2syAcZCQidHJ88vdQJp8%3D&RelayState=cookie%3A1711023345_bfaa,0,0,52939
1711023286910,111092,HTTP Request - fidustest.skolverket,Non HTTP response code: java.net.SocketException,Thread Group 1-62,Test failed: code expected to contain /200/,100,100,https://idp-skolverket.dev.eduid.se/EduidSP/2021005208/sso/redirect?SAMLRequest=hZJfT8IwFMW%2FytJ31m4Ohg0jmWAiCerC0AdfTLdepGG0s7dD%2FfZuzD%2F4gm83uae%2Fk3N6Jyj2Vc3Txm31Cl4bQOe97yuN%2FLhISGM1NwIVci32gNyVPE9vlzz0Ga%2BtcaY0FfFSRLBOGT0zGps92BzsQZXwsFomZOtcjZzSjZINutbBx52pDmB30I5A860qClOB2%2FqIhnb4kGb3%2BZp481attOjIvxwl68EJQcLBB9ko2bGuuyHPaMjCgLFhyMa0Y1qQykLpiLeYJ%2BT5spBQlOORHMZxVJQAjG1YNCqKGKIYxKaVITaw0OiEdglpadGAXQzCYB2EPIh4FD8RL%2FuKf6W0VPrlfFdFL0J%2Bs15ngz7dI1g8JmsFZDrpGudHY3vyB%2Bex4rt4Mv2vZvypeUJPrHrfmt%2B17MU8M5UqP7y0qszbzIJwkJCA0Gn%2F5O%2BhTD8B&RelayState=cookie%3A1711023287_a514,191,0,144
1711023286910,192,HTTP Request - fidustest.skolverket-0,302,Thread Group 1-62,,100,100,https://fidustest.skolverket.se/Shibboleth.sso/Login?target=https://fidustest.skolverket.se/secure&entityID=https://idp-skolverket.dev.eduid.se/2021005208,191,0,144
1711023287102,110900,HTTP Request - fidustest.skolverket-1,Non HTTP response code: java.net.SocketException,Thread Group 1-62,,100,100,https://idp-skolverket.dev.eduid.se/EduidSP/2021005208/sso/redirect?SAMLRequest=hZJfT8IwFMW%2FytJ31m4Ohg0jmWAiCerC0AdfTLdepGG0s7dD%2FfZuzD%2F4gm83uae%2Fk3N6Jyj2Vc3Txm31Cl4bQOe97yuN%2FLhISGM1NwIVci32gNyVPE9vlzz0Ga%2BtcaY0FfFSRLBOGT0zGps92BzsQZXwsFomZOtcjZzSjZINutbBx52pDmB30I5A860qClOB2%2FqIhnb4kGb3%2BZp481attOjIvxwl68EJQcLBB9ko2bGuuyHPaMjCgLFhyMa0Y1qQykLpiLeYJ%2BT5spBQlOORHMZxVJQAjG1YNCqKGKIYxKaVITaw0OiEdglpadGAXQzCYB2EPIh4FD8RL%2FuKf6W0VPrlfFdFL0J%2Bs15ngz7dI1g8JmsFZDrpGudHY3vyB%2Bex4rt4Mv2vZvypeUJPrHrfmt%2B17MU8M5UqP7y0qszbzIJwkJCA0Gn%2F5O%2BhTD8B&RelayState=cookie%3A1711023287_a514,0,0,110900
1711023307409,90592,HTTP Request - fidustest.skolverket,Non HTTP response code: java.net.SocketException,Thread Group 1-103,Test failed: code expected to contain /200/,98,98,https://idp-skolverket.dev.eduid.se/EduidSP/2021005208/sso/redirect?SAMLRequest=hZJfT8IwFMW%2FytJ3aFdAtoaRTDCRBHVh6IMvpluv0jDa2duhfns38A%2B%2B4NtN7unv5JzeCcpdVYu08RuzgtcG0Afvu8qgOCwS0jgjrESNwsgdoPClyNObpeB9JmpnvS1tRYIUEZzX1syswWYHLge31yXcr5YJ2Xhfo6D0WasGfevQx62t9uC20I5A840uCluB3%2FQRLe3wnGZ3%2BZoE81atjezIvxyt6t4JQcG%2BD6rRqmNddUOeUc54yNiIs4h2TAdKOyg9CRbzhDxxzuBiGMfjaBDFbDSKWTwcFFEcjQGUVLKVITawMOil8QlpacMeG%2FR4uA65CEeCjR9JkH3Fv9RGafNyvqviKEJxvV5nvWO6B3B4SNYKyHTSNS4Oxu7kD85j5XfxZPpfzfhT84SeWB19a3HbshfzzFa6%2FAjSqrJvMwfSQ0JCQqfHJ38PZfoJ&RelayState=cookie%3A1711023307_222b,166,0,116
1711023307409,166,HTTP Request - fidustest.skolverket-0,302,Thread Group 1-103,,98,98,https://fidustest.skolverket.se/Shibboleth.sso/Login?target=https://fidustest.skolverket.se/secure&entityID=https://idp-skolverket.dev.eduid.se/2021005208,166,0,116
1711023307578,90423,HTTP Request - fidustest.skolverket-1,Non HTTP response code: java.net.SocketException,Thread Group 1-103,,98,98,https://idp-skolverket.dev.eduid.se/EduidSP/2021005208/sso/redirect?SAMLRequest=hZJfT8IwFMW%2FytJ3aFdAtoaRTDCRBHVh6IMvpluv0jDa2duhfns38A%2B%2B4NtN7unv5JzeCcpdVYu08RuzgtcG0Afvu8qgOCwS0jgjrESNwsgdoPClyNObpeB9JmpnvS1tRYIUEZzX1syswWYHLge31yXcr5YJ2Xhfo6D0WasGfevQx62t9uC20I5A840uCluB3%2FQRLe3wnGZ3%2BZoE81atjezIvxyt6t4JQcG%2BD6rRqmNddUOeUc54yNiIs4h2TAdKOyg9CRbzhDxxzuBiGMfjaBDFbDSKWTwcFFEcjQGUVLKVITawMOil8QlpacMeG%2FR4uA65CEeCjR9JkH3Fv9RGafNyvqviKEJxvV5nvWO6B3B4SNYKyHTSNS4Oxu7kD85j5XfxZPpfzfhT84SeWB19a3HbshfzzFa6%2FAjSqrJvMwfSQ0JCQqfHJ38PZfoJ&RelayState=cookie%3A1711023307_222b,0,0,90423
1711023304410,93592,HTTP Request - fidustest.skolverket,Non HTTP response code: java.net.SocketException,Thread Group 1-97,Test failed: code expected to contain /200/,97,97,https://idp-skolverket.dev.eduid.se/EduidSP/2021005208/sso/redirect?SAMLRequest=hZJfT8IwFMW%2FytL30bWMAA1bMsFEEtSFoQ%2B%2BmLJdXMNoZ2%2BH%2Bu3dmH%2FwBd9uck9%2FJ%2Bf0zlAeqlokjSv1Gl4bQOe9HyqN4rSISGO1MBIVCi0PgMLlIktuV4IPAlFb40xuKuIliGCdMnpuNDYHsBnYo8rhYb2KSOlcjYLSnSoadK3DAPemOoLdQzsCzUq13ZoKXDlANLTDc5reZxviLVq10rIj%2F3JUUftnhAKOAygaVXSs627IUsoDzoJgxIMJ7ZgWCmUhd8RbLiLyzHI%2BDMc7DttxMM1DOeUwARby6UQyno%2BglSE2sNTopHYRaWmhHwx9zjaMCzYSQfhEvPQr%2FpXShdIvl7va9iIUN5tN6vfpHsHiKVkrIPGsa1ycjO3ZH1zGyu%2FiSfxfzfhT84yeWfW%2Btbhr2ctFaiqVf3hJVZm3uQXpICKM0Lh%2F8vdQ4k8%3D&RelayState=cookie%3A1711023304_33dc,159,0,108
1711023304410,159,HTTP Request - fidustest.skolverket-0,302,Thread Group 1-97,,97,97,https://fidustest.skolverket.se/Shibboleth.sso/Login?target=https://fidustest.skolverket.se/secure&entityID=https://idp-skolverket.dev.eduid.se/2021005208,159,0,108
1711023304570,93432,HTTP Request - fidustest.skolverket-1,Non HTTP response code: java.net.SocketException,Thread Group 1-97,,97,97,https://idp-skolverket.dev.eduid.se/EduidSP/2021005208/sso/redirect?SAMLRequest=hZJfT8IwFMW%2FytL30bWMAA1bMsFEEtSFoQ%2B%2BmLJdXMNoZ2%2BH%2Bu3dmH%2FwBd9uck9%2FJ%2Bf0zlAeqlokjSv1Gl4bQOe9HyqN4rSISGO1MBIVCi0PgMLlIktuV4IPAlFb40xuKuIliGCdMnpuNDYHsBnYo8rhYb2KSOlcjYLSnSoadK3DAPemOoLdQzsCzUq13ZoKXDlANLTDc5reZxviLVq10rIj%2F3JUUftnhAKOAygaVXSs627IUsoDzoJgxIMJ7ZgWCmUhd8RbLiLyzHI%2BDMc7DttxMM1DOeUwARby6UQyno%2BglSE2sNTopHYRaWmhHwx9zjaMCzYSQfhEvPQr%2FpXShdIvl7va9iIUN5tN6vfpHsHiKVkrIPGsa1ycjO3ZH1zGyu%2FiSfxfzfhT84yeWfW%2Btbhr2ctFaiqVf3hJVZm3uQXpICKM0Lh%2F8vdQ4k8%3D&RelayState=cookie%3A1711023304_33dc,0,0,93432
1711023262408,135595,HTTP Request - fidustest.skolverket,Non HTTP response code: java.net.SocketException,Thread Group 1-13,Test failed: code expected to contain /200/,97,97,https://idp-skolverket.dev.eduid.se/EduidSP/2021005208/sso/redirect?SAMLRequest=hZJfT8IwFMW%2FytL3rV0ZCg1bgmAiCerC0AdfTLddpGG0s7dD%2FfZuzD%2F4gm83uae%2Fk3N6Jyj3VS2mjdvqFbw2gM5731caxXERk8ZqYSQqFFruAYUrRDa9XQoeMFFb40xhKuJNEcE6ZfTMaGz2YDOwB1XAw2oZk61zNQpKN6ps0LUOAe5MdQC7g3YEmm1VnpsK3DZANLTDc5reZ2vizVu10rIj%2F3JUWfsnhBIOAZSNKjvWdTdkKeWMh4wNORvRjmmhVBYKR7zFPCbPERtfyOElzzcw5hFETI6GPCyiMB9APh6wVobYwEKjk9rFpKVFPhv4PFyHXISR4PyJeOlX%2FCulS6VfzneV9yIUN%2Bt16vfpHsHiMVkrIMmka1wcje3JH5zHyu%2FiSfJfzfhT84SeWPW%2Btbhr2Yt5aipVfHjTqjJvMwvSQUxCQpP%2Byd9DST4B&RelayState=cookie%3A1711023262_86e4,172,0,120
1711023310908,87093,HTTP Request - fidustest.skolverket,Non HTTP response code: java.net.SocketException,Thread Group 1-110,Test failed: code expected to contain /200/,97,97,https://idp-skolverket.dev.eduid.se/EduidSP/2021005208/sso/redirect?SAMLRequest=hZJLb4MwEIT%2FCvKdGAw0wQqRaFKpkfpAIe2hl8rAprFCbOo1afvvC6GP9JLeVtrxN5rxTlHs64anrd2qFby2gNZ539cK%2BXGRkNYorgVK5ErsAbkteZ7e3nA28nhjtNWlromTIoKxUqu5VtjuweRgDrKEh9VNQrbWNsgp3ciqRds5jHCn6wOYHXQj0Hwri0LXYLcjRE17PKPZfb4mzqJTSyV68i9HVo17QqjgMIKqlVXPuuqHPKPMY77nRcyb0J5poJIGSkuc5SIhz0UVx5syCKLJeBxuAhGPRXgxiYJwIlgMQnQyxBaWCq1QNiEdLXS9wGX%2B2mfcj7jPnoiTfcW%2FlKqS6uV8V8UgQn69XmfukO4RDB6TdQIym%2FaN86OxOfmD81jxXTyZ%2FVcz%2FtQ8pSdWg2%2FD7zr2cpHpWpYfTlrX%2Bm1uQFhIiE%2FobHjy91Bmnw%3D%3D&RelayState=cookie%3A1711023312_c011,1182,0,1137
1711023262408,172,HTTP Request - fidustest.skolverket-0,302,Thread Group 1-13,,97,97,https://fidustest.skolverket.se/Shibboleth.sso/Login?target=https://fidustest.skolverket.se/secure&entityID=https://idp-skolverket.dev.eduid.se/2021005208,172,0,120
1711023310908,1182,HTTP Request - fidustest.skolverket-0,302,Thread Group 1-110,,97,97,https://fidustest.skolverket.se/Shibboleth.sso/Login?target=https://fidustest.skolverket.se/secure&entityID=https://idp-skolverket.dev.eduid.se/2021005208,1182,0,1137
1711023262581,135422,HTTP Request - fidustest.skolverket-1,Non HTTP response code: java.net.SocketException,Thread Group 1-13,,97,97,https://idp-skolverket.dev.eduid.se/EduidSP/2021005208/sso/redirect?SAMLRequest=hZJfT8IwFMW%2FytL3rV0ZCg1bgmAiCerC0AdfTLddpGG0s7dD%2FfZuzD%2F4gm83uae%2Fk3N6Jyj3VS2mjdvqFbw2gM5731caxXERk8ZqYSQqFFruAYUrRDa9XQoeMFFb40xhKuJNEcE6ZfTMaGz2YDOwB1XAw2oZk61zNQpKN6ps0LUOAe5MdQC7g3YEmm1VnpsK3DZANLTDc5reZ2vizVu10rIj%2F3JUWfsnhBIOAZSNKjvWdTdkKeWMh4wNORvRjmmhVBYKR7zFPCbPERtfyOElzzcw5hFETI6GPCyiMB9APh6wVobYwEKjk9rFpKVFPhv4PFyHXISR4PyJeOlX%2FCulS6VfzneV9yIUN%2Bt16vfpHsHiMVkrIMmka1wcje3JH5zHyu%2FiSfJfzfhT84SeWPW%2Btbhr2Yt5aipVfHjTqjJvMwvSQUxCQpP%2Byd9DST4B&RelayState=cookie%3A1711023262_86e4,0,0,135422
1711023312091,85910,HTTP Request - fidustest.skolverket-1,Non HTTP response code: java.net.SocketException,Thread Group 1-110,,97,97,https://idp-skolverket.dev.eduid.se/EduidSP/2021005208/sso/redirect?SAMLRequest=hZJLb4MwEIT%2FCvKdGAw0wQqRaFKpkfpAIe2hl8rAprFCbOo1afvvC6GP9JLeVtrxN5rxTlHs64anrd2qFby2gNZ539cK%2BXGRkNYorgVK5ErsAbkteZ7e3nA28nhjtNWlromTIoKxUqu5VtjuweRgDrKEh9VNQrbWNsgp3ciqRds5jHCn6wOYHXQj0Hwri0LXYLcjRE17PKPZfb4mzqJTSyV68i9HVo17QqjgMIKqlVXPuuqHPKPMY77nRcyb0J5poJIGSkuc5SIhz0UVx5syCKLJeBxuAhGPRXgxiYJwIlgMQnQyxBaWCq1QNiEdLXS9wGX%2B2mfcj7jPnoiTfcW%2FlKqS6uV8V8UgQn69XmfukO4RDB6TdQIym%2FaN86OxOfmD81jxXTyZ%2FVcz%2FtQ8pSdWg2%2FD7zr2cpHpWpYfTlrX%2Bm1uQFhIiE%2FobHjy91Bmnw%3D%3D&RelayState=cookie%3A1711023312_c011,0,0,85910
1711023340904,57095,HTTP Request - fidustest.skolverket,Non HTTP response code: java.net.SocketException,Thread Group 1-170,Test failed: code expected to contain /200/,94,94,https://idp-skolverket.dev.eduid.se/EduidSP/2021005208/sso/redirect?SAMLRequest=hZJfT4MwFMW%2FCun7KGXAlmYsmZuJS6aSgT74Yjq4k2bQYm%2BZ%2Bu2F4Z%2F5Mt9uck9%2FJ%2Bf0zlDUVcMXrS3VFl5bQOu815VCflrEpDWKa4ESuRI1ILc5Txe3G%2B67Hm%2BMtjrXFXEWiGCs1GqpFbY1mBTMUebwsN3EpLS2QU7pXhYt2s7BxYOujmAO0I1A01LudroCW7qImvZ4nyb3aUacVaeWSvTkX44smtEZoYCjC0Uri5513Q9pQn3PZ54X%2Bt6U9kwDhTSQW%2BKsVzF5Zt4uCmHv7QUTUQCTMIc8jHwWRSKYTsbQyRBbWCu0QtmYdLRg5I1HPsuYz1nIA%2FZEnOQr%2FpVUhVQvl7vaDSLkN1mWjIZ0j2DwlKwTkPmsb5yfjM3ZH1zGiu%2Fiyfy%2FmvGn5hk9sxp8G37XsderRFcy%2F3AWVaXflgaEhZgwQufDk7%2BHMv8E&RelayState=cookie%3A1711023341_19ce,160,0,104
1711023340904,160,HTTP Request - fidustest.skolverket-0,302,Thread Group 1-170,,94,94,https://fidustest.skolverket.se/Shibboleth.sso/Login?target=https://fidustest.skolverket.se/secure&entityID=https://idp-skolverket.dev.eduid.se/2021005208,160,0,104
1711023341065,56934,HTTP Request - fidustest.skolverket-1,Non HTTP response code: java.net.SocketException,Thread Group 1-170,,94,94,https://idp-skolverket.dev.eduid.se/EduidSP/2021005208/sso/redirect?SAMLRequest=hZJfT4MwFMW%2FCun7KGXAlmYsmZuJS6aSgT74Yjq4k2bQYm%2BZ%2Bu2F4Z%2F5Mt9uck9%2FJ%2Bf0zlDUVcMXrS3VFl5bQOu815VCflrEpDWKa4ESuRI1ILc5Txe3G%2B67Hm%2BMtjrXFXEWiGCs1GqpFbY1mBTMUebwsN3EpLS2QU7pXhYt2s7BxYOujmAO0I1A01LudroCW7qImvZ4nyb3aUacVaeWSvTkX44smtEZoYCjC0Uri5513Q9pQn3PZ54X%2Bt6U9kwDhTSQW%2BKsVzF5Zt4uCmHv7QUTUQCTMIc8jHwWRSKYTsbQyRBbWCu0QtmYdLRg5I1HPsuYz1nIA%2FZEnOQr%2FpVUhVQvl7vaDSLkN1mWjIZ0j2DwlKwTkPmsb5yfjM3ZH1zGiu%2Fiyfy%2FmvGn5hk9sxp8G37XsderRFcy%2F3AWVaXflgaEhZgwQufDk7%2BHMv8E&RelayState=cookie%3A1711023341_19ce,0,0,56934
1711023338407,59592,HTTP Request - fidustest.skolverket,Non HTTP response code: java.net.SocketException,Thread Group 1-165,Test failed: code expected to contain /200/,94,94,https://idp-skolverket.dev.eduid.se/EduidSP/2021005208/sso/redirect?SAMLRequest=hZJfT8IwFMW%2FytL3rV0ZYTZsCYKJJKiLQx98MWW9SMNoZ2%2BH%2Bu3dwD%2F4gm83uae%2Fk3N6xyh3dSMmrd%2BYe3htAX3wvqsNisMiI60zwkrUKIzcAQpfiXJysxA8YqJx1tvK1iSYIILz2pqpNdjuwJXg9rqCh%2FtFRjbeNygoXWvVou8cItzaeg9uC90ItNzo1crW4DcRoqU9ntPirlySYNaptZE9%2BZejVROeEBTsI1CtVj3rqh%2FKgnLGY8aGnKW0ZzpQ2kHlSTCfZeRZrXkyTAaj6qJKIVkzxRRPgTM1SqSM%2BaqTIbYwN%2Bil8RnpaEnIBiGPlzEX8VAM0icSFF%2FxL7VR2ryc72p1FKG4Xi6L8JjuERweknUCko%2F7xsXB2J38wXms%2FC6e5P%2FVjD81j%2BmJ1dG3Ebcdez4rbK2rj2BS1%2FZt6kB6yEhMaH588vdQ8k8%3D&RelayState=cookie%3A1711023338_bfbc,503,0,91
1711023338407,503,HTTP Request - fidustest.skolverket-0,302,Thread Group 1-165,,94,94,https://fidustest.skolverket.se/Shibboleth.sso/Login?target=https://fidustest.skolverket.se/secure&entityID=https://idp-skolverket.dev.eduid.se/2021005208,503,0,91
1711023338911,59088,HTTP Request - fidustest.skolverket-1,Non HTTP response code: java.net.SocketException,Thread Group 1-165,,94,94,https://idp-skolverket.dev.eduid.se/EduidSP/2021005208/sso/redirect?SAMLRequest=hZJfT8IwFMW%2FytL3rV0ZYTZsCYKJJKiLQx98MWW9SMNoZ2%2BH%2Bu3dwD%2F4gm83uae%2Fk3N6xyh3dSMmrd%2BYe3htAX3wvqsNisMiI60zwkrUKIzcAQpfiXJysxA8YqJx1tvK1iSYIILz2pqpNdjuwJXg9rqCh%2FtFRjbeNygoXWvVou8cItzaeg9uC90ItNzo1crW4DcRoqU9ntPirlySYNaptZE9%2BZejVROeEBTsI1CtVj3rqh%2FKgnLGY8aGnKW0ZzpQ2kHlSTCfZeRZrXkyTAaj6qJKIVkzxRRPgTM1SqSM%2BaqTIbYwN%2Bil8RnpaEnIBiGPlzEX8VAM0icSFF%2FxL7VR2ryc72p1FKG4Xi6L8JjuERweknUCko%2F7xsXB2J38wXms%2FC6e5P%2FVjD81j%2BmJ1dG3Ebcdez4rbK2rj2BS1%2FZt6kB6yEhMaH588vdQ8k8%3D&RelayState=cookie%3A1711023338_bfbc,0,0,59088
1711023348407,49593,HTTP Request - fidustest.skolverket,Non HTTP response code: java.net.SocketException,Thread Group 1-185,Test failed: code expected to contain /200/,93,93,https://idp-skolverket.dev.eduid.se/EduidSP/2021005208/sso/redirect?SAMLRequest=hZJLT8MwEIT%2FSuR7Y%2BfREKymUmmRqFQgagoHLih1tsRqYgevU%2BDfkzQ8yqXcVtrxN5rxTjCvq4bPWluqNby2gNZ5ryuF%2FLhISGsU1zlK5CqvAbkVPJvdrrjvMt4YbbXQFXFmiGCs1GquFbY1mAzMQQp4WK8SUlrbIKd0J4sWbefg4l5XBzB76EagWSm3W12BLV1ETXu8T9P7bEOcRaeWKu%2FJvxxZNKMTQgEHF4pWFj3ruh%2BylPrM9xgb%2ByymPdNAIQ0IS5zlIiHPkSfYOMjjS3ERBSwQYcxEEEXjXRReeCETnQyxhaVCmyubkI4Wjlgw8r2N53NvzMP4iTjpV%2FwrqQqpXs53tR1EyG82m3Q0pHsEg8dknYBMJ33j%2FGhsTv7gPDb%2FLp5M%2F6sZf2qe0BOrwbfhdx17uUh1JcWHM6sq%2FTY3kFtIiEfodHjy91Cmnw%3D%3D&RelayState=cookie%3A1711023348_c71d,176,0,133
1711023348407,176,HTTP Request - fidustest.skolverket-0,302,Thread Group 1-185,,93,93,https://fidustest.skolverket.se/Shibboleth.sso/Login?target=https://fidustest.skolverket.se/secure&entityID=https://idp-skolverket.dev.eduid.se/2021005208,176,0,133
1711023348584,49416,HTTP Request - fidustest.skolverket-1,Non HTTP response code: java.net.SocketException,Thread Group 1-185,,93,93,https://idp-skolverket.dev.eduid.se/EduidSP/2021005208/sso/redirect?SAMLRequest=hZJLT8MwEIT%2FSuR7Y%2BfREKymUmmRqFQgagoHLih1tsRqYgevU%2BDfkzQ8yqXcVtrxN5rxTjCvq4bPWluqNby2gNZ5ryuF%2FLhISGsU1zlK5CqvAbkVPJvdrrjvMt4YbbXQFXFmiGCs1GquFbY1mAzMQQp4WK8SUlrbIKd0J4sWbefg4l5XBzB76EagWSm3W12BLV1ETXu8T9P7bEOcRaeWKu%2FJvxxZNKMTQgEHF4pWFj3ruh%2BylPrM9xgb%2ByymPdNAIQ0IS5zlIiHPkSfYOMjjS3ERBSwQYcxEEEXjXRReeCETnQyxhaVCmyubkI4Wjlgw8r2N53NvzMP4iTjpV%2FwrqQqpXs53tR1EyG82m3Q0pHsEg8dknYBMJ33j%2FGhsTv7gPDb%2FLp5M%2F6sZf2qe0BOrwbfhdx17uUh1JcWHM6sq%2FTY3kFtIiEfodHjy91Cmnw%3D%3D&RelayState=cookie%3A1711023348_c71d,0,0,49416
1711023330907,67093,HTTP Request - fidustest.skolverket,Non HTTP response code: java.net.SocketException,Thread Group 1-150,Test failed: code expected to contain /200/,92,92,https://idp-skolverket.dev.eduid.se/EduidSP/2021005208/sso/redirect?SAMLRequest=hZJLT8MwEIT%2FSuR748R9UFlNpdIiUalARAIHLsixt9RqYgevU%2BDfkzQ8yqXcVtrxN5rxzlBUZc0Xjd%2BZe3htAH3wXpUG%2BXGRkMYZbgVq5EZUgNxLni1uNpyFEa%2Bd9VbakgQLRHBeW7O0BpsKXAbuoCU83G8SsvO%2BRk7pVqsGfesQ4t6WB3B7aEeg2U4XhS3B70JESzs8o%2BldlpNg1aq1ER35l6NVPTghKDiEoBqtOtZVN2QpZRGLo2jMointmA6UdiA9CdarhDzHEEEBo%2FhCMCnlRAHbqokomBIgp8OoaGWIDawNemF8QlraaBANByzOY8bjMR%2FGTyRIv%2BJfaqO0eTnfVdGLkF%2FneTro0z2Cw2OyVkDms65xfjR2J39wHiu%2Biyfz%2F2rGn5pn9MSq9635bcter1JbavkRLMrSvi0dCA8JiQmd90%2F%2BHsr8Ew%3D%3D&RelayState=cookie%3A1711023331_9b56,168,0,123
1711023330907,168,HTTP Request - fidustest.skolverket-0,302,Thread Group 1-150,,92,92,https://fidustest.skolverket.se/Shibboleth.sso/Login?target=https://fidustest.skolverket.se/secure&entityID=https://idp-skolverket.dev.eduid.se/2021005208,168,0,123
1711023331076,66924,HTTP Request - fidustest.skolverket-1,Non HTTP response code: java.net.SocketException,Thread Group 1-150,,92,92,https://idp-skolverket.dev.eduid.se/EduidSP/2021005208/sso/redirect?SAMLRequest=hZJLT8MwEIT%2FSuR748R9UFlNpdIiUalARAIHLsixt9RqYgevU%2BDfkzQ8yqXcVtrxN5rxzlBUZc0Xjd%2BZe3htAH3wXpUG%2BXGRkMYZbgVq5EZUgNxLni1uNpyFEa%2Bd9VbakgQLRHBeW7O0BpsKXAbuoCU83G8SsvO%2BRk7pVqsGfesQ4t6WB3B7aEeg2U4XhS3B70JESzs8o%2BldlpNg1aq1ER35l6NVPTghKDiEoBqtOtZVN2QpZRGLo2jMointmA6UdiA9CdarhDzHEEEBo%2FhCMCnlRAHbqokomBIgp8OoaGWIDawNemF8QlraaBANByzOY8bjMR%2FGTyRIv%2BJfaqO0eTnfVdGLkF%2FneTro0z2Cw2OyVkDms65xfjR2J39wHiu%2Biyfz%2F2rGn5pn9MSq9635bcter1JbavkRLMrSvi0dCA8JiQmd90%2F%2BHsr8Ew%3D%3D&RelayState=cookie%3A1711023331_9b56,0,0,66924
1711023301907,96097,HTTP Request - fidustest.skolverket,Non HTTP response code: java.net.SocketException,Thread Group 1-92,Test failed: code expected to contain /200/,92,92,https://idp-skolverket.dev.eduid.se/EduidSP/2021005208/sso/redirect?SAMLRequest=hZJfT8IwFMW%2FytJ31rWAcQ1bgmAiCerCpg%2B%2BmG69SMNoZ2%2BH%2Bu3dwD%2F4gm%2B36env5JzbCcpd3Yhp6zdmBa8toA%2Fed7VBcbhISOuMsBI1CiN3gMJXIp%2FeLgUPI9E4621laxJMEcF5bc3MGmx34HJwe13Bw2qZkI33DQpK11q16DuHELe23oPbQjcCzTe6LG0NfhMiWtrjOc3u84IE806tjezJvxytmsEJQcE%2BBNVq1bOu%2ByHPKI84i6Ixjy5pz3SgtIPKk2AxT8hzfLFma85iFsdxBWUUywqGCuR41J1LJTsZYgsLg14an5CONhpEwwFnBeOCjUXEn0iQfcW%2F0kZp83K%2Bq%2FIoQnFTFNngmO4RHB6SdQKSTvrGxcHYnezgPFZ%2BF0%2FS%2F2rGn5on9MTq6NuIu469mGe21tVHMK1r%2BzZzID0khBGaHp%2F8%2FSjpJw%3D%3D&RelayState=cookie%3A1711023302_60c8,146,0,93
1711023301907,146,HTTP Request - fidustest.skolverket-0,302,Thread Group 1-92,,92,92,https://fidustest.skolverket.se/Shibboleth.sso/Login?target=https://fidustest.skolverket.se/secure&entityID=https://idp-skolverket.dev.eduid.se/2021005208,146,0,93
1711023265910,132094,HTTP Request - fidustest.skolverket,Non HTTP response code: java.net.SocketException,Thread Group 1-20,Test failed: code expected to contain /200/,92,92,https://idp-skolverket.dev.eduid.se/EduidSP/2021005208/sso/redirect?SAMLRequest=hZJfT4MwFMW%2FCun7VujmwGaQ4GbikqlkoA%2B%2BmAJ30oy12Fumfnth%2BGe%2BzLeb3NPfyTm9cxT7uuFxayu1gdcW0Drv%2B1ohPy5C0hrFtUCJXIk9ILcFT%2BPbNWdjlzdGW13omjgxIhgrtVpohe0eTArmIAt42KxDUlnbIKd0K8sWbecwxp2uD2B20I1A00rmua7BVmNETXs8o8l9mhFn2amlEj35lyPLZnRCKOEwhrKVZc%2B67oc0ocxlnuteMDegPdNAKQ0UljirZUieg8uJOxN%2BMBPC92a%2BzwIQ28tJEWzzoJwWfidDbGGl0AplQ9LRpiN3MmJe5jHuTTmbPREn%2BYp%2FJVUp1cv5rvJBhPwmy5LRkO4RDB6TdQISzfvG%2BdHYnPzBeaz4Lp5E%2F9WMPzXP6YnV4Nvwu469Wia6lsWHE9e1flsYEBZC4hEaDU%2F%2BHkr0CQ%3D%3D&RelayState=cookie%3A1711023266_a2bd,141,0,99
1711023302054,95950,HTTP Request - fidustest.skolverket-1,Non HTTP response code: java.net.SocketException,Thread Group 1-92,,92,92,https://idp-skolverket.dev.eduid.se/EduidSP/2021005208/sso/redirect?SAMLRequest=hZJfT8IwFMW%2FytJ31rWAcQ1bgmAiCerCpg%2B%2BmG69SMNoZ2%2BH%2Bu3dwD%2F4gm%2B36env5JzbCcpd3Yhp6zdmBa8toA%2Fed7VBcbhISOuMsBI1CiN3gMJXIp%2FeLgUPI9E4621laxJMEcF5bc3MGmx34HJwe13Bw2qZkI33DQpK11q16DuHELe23oPbQjcCzTe6LG0NfhMiWtrjOc3u84IE806tjezJvxytmsEJQcE%2BBNVq1bOu%2ByHPKI84i6Ixjy5pz3SgtIPKk2AxT8hzfLFma85iFsdxBWUUywqGCuR41J1LJTsZYgsLg14an5CONhpEwwFnBeOCjUXEn0iQfcW%2F0kZp83K%2Bq%2FIoQnFTFNngmO4RHB6SdQKSTvrGxcHYnezgPFZ%2BF0%2FS%2F2rGn5on9MTq6NuIu469mGe21tVHMK1r%2BzZzID0khBGaHp%2F8%2FSjpJw%3D%3D&RelayState=cookie%3A1711023302_60c8,0,0,95950
1711023265910,141,HTTP Request - fidustest.skolverket-0,302,Thread Group 1-20,,92,92,https://fidustest.skolverket.se/Shibboleth.sso/Login?target=https://fidustest.skolverket.se/secure&entityID=https://idp-skolverket.dev.eduid.se/2021005208,141,0,99
1711023266052,131952,HTTP Request - fidustest.skolverket-1,Non HTTP response code: java.net.SocketException,Thread Group 1-20,,92,92,https://idp-skolverket.dev.eduid.se/EduidSP/2021005208/sso/redirect?SAMLRequest=hZJfT4MwFMW%2FCun7VujmwGaQ4GbikqlkoA%2B%2BmAJ30oy12Fumfnth%2BGe%2BzLeb3NPfyTm9cxT7uuFxayu1gdcW0Drv%2B1ohPy5C0hrFtUCJXIk9ILcFT%2BPbNWdjlzdGW13omjgxIhgrtVpohe0eTArmIAt42KxDUlnbIKd0K8sWbecwxp2uD2B20I1A00rmua7BVmNETXs8o8l9mhFn2amlEj35lyPLZnRCKOEwhrKVZc%2B67oc0ocxlnuteMDegPdNAKQ0UljirZUieg8uJOxN%2BMBPC92a%2BzwIQ28tJEWzzoJwWfidDbGGl0AplQ9LRpiN3MmJe5jHuTTmbPREn%2BYp%2FJVUp1cv5rvJBhPwmy5LRkO4RDB6TdQISzfvG%2BdHYnPzBeaz4Lp5E%2F9WMPzXP6YnV4Nvwu469Wia6lsWHE9e1flsYEBZC4hEaDU%2F%2BHkr0CQ%3D%3D&RelayState=cookie%3A1711023266_a2bd,0,0,131952
1711023286411,111595,HTTP Request - fidustest.skolverket,Non HTTP response code: java.net.SocketException,Thread Group 1-61,Test failed: code expected to contain /200/,89,89,https://idp-skolverket.dev.eduid.se/EduidSP/2021005208/sso/redirect?SAMLRequest=hZJLT8MwEIT%2FSuR7YsdNS2Q1kUKLRKUCESkcuKA8tsRqYgevU%2BDfk7Q8yqXcVtrxN5rxzjFvm04kva3VPbz2gNZ5bxuF4rCISG%2BU0DlKFCpvAYUtRZbcrAX3mOiMtrrUDXESRDBWarXQCvsWTAZmL0t4uF9HpLa2Q0HpVlY92sHBw51u9mB2MIxAs1oWhW7A1h6ipiOe0%2FQu2xBnOailykfyL0dWnXtCqGDvQdXLamRdjUOWUs64z9iUs5COTAOVNFBa4qyWEXku%2FSDkk60P25D5EEyLPGSTC8YDPitmYTkdZIg9rBTaXNmIDLTAZROX%2BxufCz8QweyJOOlX%2FEupKqlezndVHEUorjeb1D2mewSDh2SDgMTzsXFxMDYnf3Aem38XT%2BL%2Fasafmuf0xOro24nbgb1aprqR5YeTNI1%2BWxjILUTEJzQ%2BPvl7KPEn&RelayState=cookie%3A1711023286_0aac,138,0,100
1711023286411,138,HTTP Request - fidustest.skolverket-0,302,Thread Group 1-61,,89,89,https://fidustest.skolverket.se/Shibboleth.sso/Login?target=https://fidustest.skolverket.se/secure&entityID=https://idp-skolverket.dev.eduid.se/2021005208,138,0,100
1711023286550,111456,HTTP Request - fidustest.skolverket-1,Non HTTP response code: java.net.SocketException,Thread Group 1-61,,89,89,https://idp-skolverket.dev.eduid.se/EduidSP/2021005208/sso/redirect?SAMLRequest=hZJLT8MwEIT%2FSuR7YsdNS2Q1kUKLRKUCESkcuKA8tsRqYgevU%2BDfk7Q8yqXcVtrxN5rxzjFvm04kva3VPbz2gNZ5bxuF4rCISG%2BU0DlKFCpvAYUtRZbcrAX3mOiMtrrUDXESRDBWarXQCvsWTAZmL0t4uF9HpLa2Q0HpVlY92sHBw51u9mB2MIxAs1oWhW7A1h6ipiOe0%2FQu2xBnOailykfyL0dWnXtCqGDvQdXLamRdjUOWUs64z9iUs5COTAOVNFBa4qyWEXku%2FSDkk60P25D5EEyLPGSTC8YDPitmYTkdZIg9rBTaXNmIDLTAZROX%2BxufCz8QweyJOOlX%2FEupKqlezndVHEUorjeb1D2mewSDh2SDgMTzsXFxMDYnf3Aem38XT%2BL%2Fasafmuf0xOro24nbgb1aprqR5YeTNI1%2BWxjILUTEJzQ%2BPvl7KPEn&RelayState=cookie%3A1711023286_0aac,0,0,111456
1711023332406,65595,HTTP Request - fidustest.skolverket,Non HTTP response code: java.net.SocketException,Thread Group 1-153,Test failed: code expected to contain /200/,88,88,https://idp-skolverket.dev.eduid.se/EduidSP/2021005208/sso/redirect?SAMLRequest=hZJfT4MwFMW%2FCun7KIVtYjNI5mbikqlkoA%2B%2BGKB3rhm02Fumfnth%2BGe%2BzLeb3NPfyTm9M8zrquHz1u7UBl5bQOu815VCflxEpDWK6xwlcpXXgNyWPJ3frrnverwx2upSV8SZI4KxUquFVtjWYFIwB1nCw2YdkZ21DXJKt1K0aDsHF%2Fe6OoDZQzcCTXeyKHQFduciatrjfZrcpxlxlp1aqrwn%2F3KkaEYnBAEHF0QrRc%2B67oc0ob7nM8%2Bb%2BF5Ie6YBIQ2UljirZUSeYRpOJ2y8DS9EULBgG07DIrgstqzM2SVMRCdDbGGl0ObKRqSjjUdeMPJZxnzOJjzwn4iTfMW%2FkkpI9XK%2Bq2IQIb%2FJsmQ0pHsEg8dknYDEs75xfjQ2J39wHpt%2FF0%2Fi%2F2rGn5pn9MRq8G34XcdeLRNdyfLDmVeVflsYyC1EhBEaD0%2F%2BHkr8CQ%3D%3D&RelayState=cookie%3A1711023332_5964,360,0,297
1711023332406,360,HTTP Request - fidustest.skolverket-0,302,Thread Group 1-153,,88,88,https://fidustest.skolverket.se/Shibboleth.sso/Login?target=https://fidustest.skolverket.se/secure&entityID=https://idp-skolverket.dev.eduid.se/2021005208,360,0,297
1711023332767,65234,HTTP Request - fidustest.skolverket-1,Non HTTP response code: java.net.SocketException,Thread Group 1-153,,88,88,https://idp-skolverket.dev.eduid.se/EduidSP/2021005208/sso/redirect?SAMLRequest=hZJfT4MwFMW%2FCun7KIVtYjNI5mbikqlkoA%2B%2BGKB3rhm02Fumfnth%2BGe%2BzLeb3NPfyTm9M8zrquHz1u7UBl5bQOu815VCflxEpDWK6xwlcpXXgNyWPJ3frrnverwx2upSV8SZI4KxUquFVtjWYFIwB1nCw2YdkZ21DXJKt1K0aDsHF%2Fe6OoDZQzcCTXeyKHQFduciatrjfZrcpxlxlp1aqrwn%2F3KkaEYnBAEHF0QrRc%2B67oc0ob7nM8%2Bb%2BF5Ie6YBIQ2UljirZUSeYRpOJ2y8DS9EULBgG07DIrgstqzM2SVMRCdDbGGl0ObKRqSjjUdeMPJZxnzOJjzwn4iTfMW%2FkkpI9XK%2Bq2IQIb%2FJsmQ0pHsEg8dknYDEs75xfjQ2J39wHpt%2FF0%2Fi%2F2rGn5pn9MRq8G34XcdeLRNdyfLDmVeVflsYyC1EhBEaD0%2F%2BHkr8CQ%3D%3D&RelayState=cookie%3A1711023332_5964,0,0,65234
1711023315907,82096,HTTP Request - fidustest.skolverket,Non HTTP response code: java.net.SocketException,Thread Group 1-120,Test failed: code expected to contain /200/,88,88,https://idp-skolverket.dev.eduid.se/EduidSP/2021005208/sso/redirect?SAMLRequest=hZLdT8IwFMX%2FlaXv0K7yZcNIEEwkQV3Y9MEXU9aLNJR29nao%2F70b8wNf8O0m9%2FR3ck7vGOXelGJaha1dwWsFGKL3vbEojouEVN4KJ1GjsHIPKEIhsuntUvAuE6V3wRXOkGiKCD5oZ2fOYrUHn4E%2F6AIeVsuEbEMoUVC60arCUDt0cefMAfwO6hFottXrtTMQtl1ERxs8p%2Bl9lpNoXqu1lQ35l6NV2TkhKDh0QVVaNazrZshSyhmPGetzNqIN04PSHopAosU8Ic%2B8z2PJYTMcrIcggW1Gvcve5bDPAAoVD3q1DLGChcUgbUhITet12EWHx3nMRdwX8eCJROlX%2FCttlbYv57tatyIUN3medtp0j%2BDxmKwWkMm4aVwcjf3JH5zHyu%2FiyeS%2FmvGn5jE9sWp9S3FXsxfz1BldfERTY9zbzIMMkJCY0En75O%2BhTD4B&RelayState=cookie%3A1711023316_5fc1,215,0,174
1711023315907,215,HTTP Request - fidustest.skolverket-0,302,Thread Group 1-120,,88,88,https://fidustest.skolverket.se/Shibboleth.sso/Login?target=https://fidustest.skolverket.se/secure&entityID=https://idp-skolverket.dev.eduid.se/2021005208,215,0,174
1711023316123,81880,HTTP Request - fidustest.skolverket-1,Non HTTP response code: java.net.SocketException,Thread Group 1-120,,88,88,https://idp-skolverket.dev.eduid.se/EduidSP/2021005208/sso/redirect?SAMLRequest=hZLdT8IwFMX%2FlaXv0K7yZcNIEEwkQV3Y9MEXU9aLNJR29nao%2F70b8wNf8O0m9%2FR3ck7vGOXelGJaha1dwWsFGKL3vbEojouEVN4KJ1GjsHIPKEIhsuntUvAuE6V3wRXOkGiKCD5oZ2fOYrUHn4E%2F6AIeVsuEbEMoUVC60arCUDt0cefMAfwO6hFottXrtTMQtl1ERxs8p%2Bl9lpNoXqu1lQ35l6NV2TkhKDh0QVVaNazrZshSyhmPGetzNqIN04PSHopAosU8Ic%2B8z2PJYTMcrIcggW1Gvcve5bDPAAoVD3q1DLGChcUgbUhITet12EWHx3nMRdwX8eCJROlX%2FCttlbYv57tatyIUN3medtp0j%2BDxmKwWkMm4aVwcjf3JH5zHyu%2FiyeS%2FmvGn5jE9sWp9S3FXsxfz1BldfERTY9zbzIMMkJCY0En75O%2BhTD4B&RelayState=cookie%3A1711023316_5fc1,0,0,81880
1711023323907,74095,HTTP Request - fidustest.skolverket,Non HTTP response code: java.net.SocketException,Thread Group 1-136,Test failed: code expected to contain /200/,87,87,https://idp-skolverket.dev.eduid.se/EduidSP/2021005208/sso/redirect?SAMLRequest=hZJfT4MwFMW%2FCun7VihDXTNIcDNxyVQypg%2B%2BmEKv0oy12Fumfnth%2BGe%2BzLeb3NPfyTm9MxS7uuFp6yq9htcW0Hnvu1ojPyxi0lrNjUCFXIsdIHclz9ObFWdjnzfWOFOamngpIlinjJ4bje0ObA52r0q4X69iUjnXIKf0WckWXecwxq2p92C30I1A80oVhanBVWNEQ3s8o9ldviHeolMrLXryL0fJZnREkLAfg2yV7FlX%2FZBnlPks8P2I%2BRe0Z1qQykLpiLdcxOTp3J%2BGoijOShlMQYSiDMKyYMyXLGIBTKNOhtjCUqMT2sWko01GfjhiwSZgPIg4mzwSL%2FuKf6m0VPrldFfFIEJ%2BvdlkoyHdA1g8JOsEJJn1jfODsT36g9NY8V08Sf6rGX9qntEjq8G34bcde7nITK3KDy%2Bta%2FM2tyAcxCQgNBme%2FD2U5BM%3D&RelayState=cookie%3A1711023324_5202,154,0,105
1711023323907,154,HTTP Request - fidustest.skolverket-0,302,Thread Group 1-136,,87,87,https://fidustest.skolverket.se/Shibboleth.sso/Login?target=https://fidustest.skolverket.se/secure&entityID=https://idp-skolverket.dev.eduid.se/2021005208,154,0,105
1711023324063,73939,HTTP Request - fidustest.skolverket-1,Non HTTP response code: java.net.SocketException,Thread Group 1-136,,87,87,https://idp-skolverket.dev.eduid.se/EduidSP/2021005208/sso/redirect?SAMLRequest=hZJfT4MwFMW%2FCun7VihDXTNIcDNxyVQypg%2B%2BmEKv0oy12Fumfnth%2BGe%2BzLeb3NPfyTm9MxS7uuFp6yq9htcW0Hnvu1ojPyxi0lrNjUCFXIsdIHclz9ObFWdjnzfWOFOamngpIlinjJ4bje0ObA52r0q4X69iUjnXIKf0WckWXecwxq2p92C30I1A80oVhanBVWNEQ3s8o9ldviHeolMrLXryL0fJZnREkLAfg2yV7FlX%2FZBnlPks8P2I%2BRe0Z1qQykLpiLdcxOTp3J%2BGoijOShlMQYSiDMKyYMyXLGIBTKNOhtjCUqMT2sWko01GfjhiwSZgPIg4mzwSL%2FuKf6m0VPrldFfFIEJ%2BvdlkoyHdA1g8JOsEJJn1jfODsT36g9NY8V08Sf6rGX9qntEjq8G34bcde7nITK3KDy%2Bta%2FM2tyAcxCQgNBme%2FD2U5BM%3D&RelayState=cookie%3A1711023324_5202,0,0,73939
1711023352908,45094,HTTP Request - fidustest.skolverket,Non HTTP response code: java.net.SocketException,Thread Group 1-194,Test failed: code expected to contain /200/,86,86,https://idp-skolverket.dev.eduid.se/EduidSP/2021005208/sso/redirect?SAMLRequest=hZJfT4MwFMW%2FCun7Vlq2RZpBMjcTl0wlgj74YoBeXDPWYm%2BZ%2Bu2F4Z%2F5Mt9uck9%2FJ%2Bf0zjHf141YtG6r7%2BG1BXTe%2B77WKI6LiLRWC5OjQqHzPaBwpUgXNxvBx75orHGmNDXxFohgnTJ6aTS2e7Ap2IMq4eF%2BE5Gtcw0KSislW3Sdwxh3pj6A3UE3Ak23qihMDW47RjS0x3Oa3KUZ8VadWum8J%2F9ylGxGJwQJhzHIVsmeddUPaUK5z5nvT7l%2FQXumBakslI5461VEnqtiFkyCgPkQsiCUIWdVUYXFrPILxlkInQyxhbVGl2sXkY42GfnBiLOMccGmYho8ES%2F5in%2BptFT65XxXxSBCcZ1lyWhI9wgWj8k6AYnnfePiaGxP%2FuA8Nv8unsT%2F1Yw%2FNc%2FpidXg24jbjr1eJaZW5Ye3qGvztrSQO4gIIzQenvw9lPgT&RelayState=cookie%3A1711023353_0de6,236,0,150
1711023352908,236,HTTP Request - fidustest.skolverket-0,302,Thread Group 1-194,,86,86,https://fidustest.skolverket.se/Shibboleth.sso/Login?target=https://fidustest.skolverket.se/secure&entityID=https://idp-skolverket.dev.eduid.se/2021005208,236,0,150
1711023353145,44857,HTTP Request - fidustest.skolverket-1,Non HTTP response code: java.net.SocketException,Thread Group 1-194,,86,86,https://idp-skolverket.dev.eduid.se/EduidSP/2021005208/sso/redirect?SAMLRequest=hZJfT4MwFMW%2FCun7Vlq2RZpBMjcTl0wlgj74YoBeXDPWYm%2BZ%2Bu2F4Z%2F5Mt9uck9%2FJ%2Bf0zjHf141YtG6r7%2BG1BXTe%2B77WKI6LiLRWC5OjQqHzPaBwpUgXNxvBx75orHGmNDXxFohgnTJ6aTS2e7Ap2IMq4eF%2BE5Gtcw0KSislW3Sdwxh3pj6A3UE3Ak23qihMDW47RjS0x3Oa3KUZ8VadWum8J%2F9ylGxGJwQJhzHIVsmeddUPaUK5z5nvT7l%2FQXumBakslI5461VEnqtiFkyCgPkQsiCUIWdVUYXFrPILxlkInQyxhbVGl2sXkY42GfnBiLOMccGmYho8ES%2F5in%2BptFT65XxXxSBCcZ1lyWhI9wgWj8k6AYnnfePiaGxP%2FuA8Nv8unsT%2F1Yw%2FNc%2FpidXg24jbjr1eJaZW5Ye3qGvztrSQO4gIIzQenvw9lPgT&RelayState=cookie%3A1711023353_0de6,0,0,44857
1711023343408,54594,HTTP Request - fidustest.skolverket,Non HTTP response code: java.net.SocketException,Thread Group 1-175,Test failed: code expected to contain /200/,84,84,https://idp-skolverket.dev.eduid.se/EduidSP/2021005208/sso/redirect?SAMLRequest=hZJLb8IwEIT%2FSuQ72HkQkEWQUqhUJNpGhPbQS%2BXES7FI7NTr0PbfN4E%2B6IXeVtrxN5rxTlHUVcPT1u30Gl5bQOe915VGflwkpLWaG4EKuRY1IHclz9PbFQ%2BGjDfWOFOaingpIlinjJ4bjW0NNgd7UCU8rFcJ2TnXIKd0q2SLrnMY4t5UB7B76Eag%2BU4VhanA7YaIhvb4gGb3%2BYZ4i06ttOjJvxwlm8EZQcJhCLJVsmdd90Oe0YAFPmOjgE1oz7QglYXSEW%2B5SMizCCFicjQWMmZhHIy320kJBWzjWE78SLBOhtjCUqMT2iWko0UDFg4Cf%2BMH3B%2FxKHwiXvYV%2F0ppqfTL5a6Kkwj5zWaTDU7pHsHiMVknILNp3zg%2FGtuzP7iMFd%2FFk9l%2FNeNPzVN6ZnXybfhdx14uMlOp8sNLq8q8zS0IBwnxCZ2dnvw9lNkn&RelayState=cookie%3A1711023343_e35c,159,0,114
1711023343408,159,HTTP Request - fidustest.skolverket-0,302,Thread Group 1-175,,84,84,https://fidustest.skolverket.se/Shibboleth.sso/Login?target=https://fidustest.skolverket.se/secure&entityID=https://idp-skolverket.dev.eduid.se/2021005208,159,0,114
1711023343568,54434,HTTP Request - fidustest.skolverket-1,Non HTTP response code: java.net.SocketException,Thread Group 1-175,,84,84,https://idp-skolverket.dev.eduid.se/EduidSP/2021005208/sso/redirect?SAMLRequest=hZJLb8IwEIT%2FSuQ72HkQkEWQUqhUJNpGhPbQS%2BXES7FI7NTr0PbfN4E%2B6IXeVtrxN5rxTlHUVcPT1u30Gl5bQOe915VGflwkpLWaG4EKuRY1IHclz9PbFQ%2BGjDfWOFOaingpIlinjJ4bjW0NNgd7UCU8rFcJ2TnXIKd0q2SLrnMY4t5UB7B76Eag%2BU4VhanA7YaIhvb4gGb3%2BYZ4i06ttOjJvxwlm8EZQcJhCLJVsmdd90Oe0YAFPmOjgE1oz7QglYXSEW%2B5SMizCCFicjQWMmZhHIy320kJBWzjWE78SLBOhtjCUqMT2iWko0UDFg4Cf%2BMH3B%2FxKHwiXvYV%2F0ppqfTL5a6Kkwj5zWaTDU7pHsHiMVknILNp3zg%2FGtuzP7iMFd%2FFk9l%2FNeNPzVN6ZnXybfhdx14uMlOp8sNLq8q8zS0IBwnxCZ2dnvw9lNkn&RelayState=cookie%3A1711023343_e35c,0,0,54434
1711023305908,92097,HTTP Request - fidustest.skolverket,Non HTTP response code: java.net.SocketException,Thread Group 1-100,Test failed: code expected to contain /200/,84,84,https://idp-skolverket.dev.eduid.se/EduidSP/2021005208/sso/redirect?SAMLRequest=hZJLb8IwEIT%2FSuQ72A4EqEUiUahUpD4ikvbQSxXspVgEO%2FU6tP33TUgf9EJvK%2B34G814p1jsy0rMar81K3itAX3wvi8NiuMiJrUzwhaoUZhiDyi8FNns9kaEfSYqZ72VtiTBDBGc19bMrcF6Dy4Dd9ASHlY3Mdl6X6GgdKNVjb5x6OPOlgdwO2hGoNlWr9e2BL%2FtI1ra4kOa3mc5CRaNWpuiJf9ytKp6JwQFhz6oWquWddUOWUpDFnLGopBNaMt0oLQD6UmwXMTkecQjmERyM2IRG06kKhQfDC4244iDZGM5bmSINSwN%2BsL4mDS0YY8NeiHPeSh4JNjoiQTpV%2FxLbZQ2L%2Be7WnciFNd5nva6dI%2Fg8JisEZBk2jYujsbu5A%2FOY4vv4knyX834U%2FOUnlh1vpW4a9jLRWpLLT%2BCWVnat7mDwkNMOKFJ9%2BTvoSSf&RelayState=cookie%3A1711023306_cac7,143,0,99
1711023305908,143,HTTP Request - fidustest.skolverket-0,302,Thread Group 1-100,,84,84,https://fidustest.skolverket.se/Shibboleth.sso/Login?target=https://fidustest.skolverket.se/secure&entityID=https://idp-skolverket.dev.eduid.se/2021005208,143,0,99
1711023306052,91953,HTTP Request - fidustest.skolverket-1,Non HTTP response code: java.net.SocketException,Thread Group 1-100,,84,84,https://idp-skolverket.dev.eduid.se/EduidSP/2021005208/sso/redirect?SAMLRequest=hZJLb8IwEIT%2FSuQ72A4EqEUiUahUpD4ikvbQSxXspVgEO%2FU6tP33TUgf9EJvK%2B34G814p1jsy0rMar81K3itAX3wvi8NiuMiJrUzwhaoUZhiDyi8FNns9kaEfSYqZ72VtiTBDBGc19bMrcF6Dy4Dd9ASHlY3Mdl6X6GgdKNVjb5x6OPOlgdwO2hGoNlWr9e2BL%2FtI1ra4kOa3mc5CRaNWpuiJf9ytKp6JwQFhz6oWquWddUOWUpDFnLGopBNaMt0oLQD6UmwXMTkecQjmERyM2IRG06kKhQfDC4244iDZGM5bmSINSwN%2BsL4mDS0YY8NeiHPeSh4JNjoiQTpV%2FxLbZQ2L%2Be7WnciFNd5nva6dI%2Fg8JisEZBk2jYujsbu5A%2FOY4vv4knyX834U%2FOUnlh1vpW4a9jLRWpLLT%2BCWVnat7mDwkNMOKFJ9%2BTvoSSf&RelayState=cookie%3A1711023306_cac7,0,0,91953
1711023327909,70095,HTTP Request - fidustest.skolverket,Non HTTP response code: java.net.SocketException,Thread Group 1-144,Test failed: code expected to contain /200/,82,82,https://idp-skolverket.dev.eduid.se/EduidSP/2021005208/sso/redirect?SAMLRequest=hZJfT4MwFMW%2FCun7VqgjsGaQzM3EJVOJoA%2B%2BmI7euWbQYm%2BZ%2Bu2F4Z%2F5Ml%2Bam%2FT0d3LO7QxFXTV83rqdvofXFtB573WlkR8vEtJazY1AhVyLGpC7kufzmzVnY5831jhTmop4c0SwThm9MBrbGmwO9qBKeLhfJ2TnXIOc0q2SLbrOYYx7Ux3A7qEbgeY7tdmYCtxujGhoj2c0u8sL4i07tdKiJ%2F9ylGxGJwQJhzHIVsmeddUPeUaZzwLfD5kf055pQSoLpSPeapmQ5whKFojJNIyjaVQG0UbGfuCzWGyn3RFuOxliCyuNTmiXkI42GfkXIxYUAeNByFn8RLzsK%2F6l0lLpl%2FNdbQYR8uuiyEZDukeweEzWCUg66xvnR2N7soPzWPFdPEn%2Fqxl%2Fap7RE6vBt%2BG3HXu1zEylyg9vXlXmbWFBOEhIQGg6PPn7UdJP&RelayState=cookie%3A1711023328_e6be,147,0,106
1711023327909,147,HTTP Request - fidustest.skolverket-0,302,Thread Group 1-144,,82,82,https://fidustest.skolverket.se/Shibboleth.sso/Login?target=https://fidustest.skolverket.se/secure&entityID=https://idp-skolverket.dev.eduid.se/2021005208,147,0,106
1711023328057,69947,HTTP Request - fidustest.skolverket-1,Non HTTP response code: java.net.SocketException,Thread Group 1-144,,82,82,https://idp-skolverket.dev.eduid.se/EduidSP/2021005208/sso/redirect?SAMLRequest=hZJfT4MwFMW%2FCun7VqgjsGaQzM3EJVOJoA%2B%2BmI7euWbQYm%2BZ%2Bu2F4Z%2F5Ml%2Bam%2FT0d3LO7QxFXTV83rqdvofXFtB573WlkR8vEtJazY1AhVyLGpC7kufzmzVnY5831jhTmop4c0SwThm9MBrbGmwO9qBKeLhfJ2TnXIOc0q2SLbrOYYx7Ux3A7qEbgeY7tdmYCtxujGhoj2c0u8sL4i07tdKiJ%2F9ylGxGJwQJhzHIVsmeddUPeUaZzwLfD5kf055pQSoLpSPeapmQ5whKFojJNIyjaVQG0UbGfuCzWGyn3RFuOxliCyuNTmiXkI42GfkXIxYUAeNByFn8RLzsK%2F6l0lLpl%2FNdbQYR8uuiyEZDukeweEzWCUg66xvnR2N7soPzWPFdPEn%2Fqxl%2Fap7RE6vBt%2BG3HXu1zEylyg9vXlXmbWFBOEhIQGg6PPn7UdJP&RelayState=cookie%3A1711023328_e6be,0,0,69947
1711023263909,134099,HTTP Request - fidustest.skolverket,Non HTTP response code: java.net.SocketException,Thread Group 1-16,Test failed: code expected to contain /200/,81,81,https://idp-skolverket.dev.eduid.se/EduidSP/2021005208/sso/redirect?SAMLRequest=hZLNTsMwEIRfJfK9teOUKrKaSKFFolKBiBQOXJATb6jV1A5ep8Dbk7T8lEu5rbTjbzTjnaHcNa3IOr8x9%2FDaAfrgfdcYFIdFQjpnhJWoURi5AxS%2BEkV2sxJ8zETrrLeVbUiQIYLz2pq5NdjtwBXg9rqCh%2FtVQjbetygorbXq0PcOY9zaZg9uC%2F0ItNjosrQN%2BM0Y0dIBz2l%2BV6xJsOjV2siB%2FMvRqh2dEBTsx6A6rQbW1TAUOeWMh4xdcBbTgelAaQeVJ8FykZDnieTAaoB4KkNVxiyKIxaraRXX9RSiMu5liB0sDXppfEJ62mTEohEP1yEX4UTwyRMJ8q%2F4l9oobV7Od1UeRSiu1%2Bt8dEz3CA4PyXoBSWdD4%2BJg7E7%2B4DxWfhdP0v9qxp%2BaZ%2FTE6ujbituevVzkttHVR5A1jX2bO5AeEhISmh6f%2FD2U9BM%3D&RelayState=cookie%3A1711023264_8631,152,0,104
1711023263909,152,HTTP Request - fidustest.skolverket-0,302,Thread Group 1-16,,81,81,https://fidustest.skolverket.se/Shibboleth.sso/Login?target=https://fidustest.skolverket.se/secure&entityID=https://idp-skolverket.dev.eduid.se/2021005208,152,0,104
1711023264062,133946,HTTP Request - fidustest.skolverket-1,Non HTTP response code: java.net.SocketException,Thread Group 1-16,,81,81,https://idp-skolverket.dev.eduid.se/EduidSP/2021005208/sso/redirect?SAMLRequest=hZLNTsMwEIRfJfK9teOUKrKaSKFFolKBiBQOXJATb6jV1A5ep8Dbk7T8lEu5rbTjbzTjnaHcNa3IOr8x9%2FDaAfrgfdcYFIdFQjpnhJWoURi5AxS%2BEkV2sxJ8zETrrLeVbUiQIYLz2pq5NdjtwBXg9rqCh%2FtVQjbetygorbXq0PcOY9zaZg9uC%2F0ItNjosrQN%2BM0Y0dIBz2l%2BV6xJsOjV2siB%2FMvRqh2dEBTsx6A6rQbW1TAUOeWMh4xdcBbTgelAaQeVJ8FykZDnieTAaoB4KkNVxiyKIxaraRXX9RSiMu5liB0sDXppfEJ62mTEohEP1yEX4UTwyRMJ8q%2F4l9oobV7Od1UeRSiu1%2Bt8dEz3CA4PyXoBSWdD4%2BJg7E7%2B4DxWfhdP0v9qxp%2BaZ%2FTE6ujbituevVzkttHVR5A1jX2bO5AeEhISmh6f%2FD2U9BM%3D&RelayState=cookie%3A1711023264_8631,0,0,133946
1711023331407,66597,HTTP Request - fidustest.skolverket,Non HTTP response code: java.net.SocketException,Thread Group 1-151,Test failed: code expected to contain /200/,81,81,https://idp-skolverket.dev.eduid.se/EduidSP/2021005208/sso/redirect?SAMLRequest=hZJLT8MwEIT%2FSuR74zwaGqymUmmRqFQgagoHLsiNN8RqYgevU%2BDfkzQ8yqXcVtrxN5rxTpHXVcPmrS3VBl5bQOu815VCdlwkpDWKaY4SmeI1ILM5y%2Ba3axa4HmuMtjrXFXHmiGCs1GqhFbY1mAzMQebwsFknpLS2QUZpIUWLtnNwca%2BrA5g9dCPQrJS7na7Ali6ipj0%2BoOl9tiXOslNLxXvyL0eKZnRCEHBwQbRS9KzrfshSGniB73lR4MW0ZxoQ0kBuibNaJuQ5vADB%2BcT3L8dFfBnHPIrHYeSFxU5ExSSETobYwkqh5compKONR144CvytHzA%2FYqH%2FRJz0K%2F6VVEKql%2FNd7QYRspvtNh0N6R7B4DFZJyCzad84Oxqbkz84j%2BXfxZPZfzXjT81TemI1%2BDbsrmOvlqmuZP7hzKtKvy0McAsJ8QmdDU%2F%2BHsrsEw%3D%3D&RelayState=cookie%3A1711023331_1230,176,0,84
1711023331407,176,HTTP Request - fidustest.skolverket-0,302,Thread Group 1-151,,81,81,https://fidustest.skolverket.se/Shibboleth.sso/Login?target=https://fidustest.skolverket.se/secure&entityID=https://idp-skolverket.dev.eduid.se/2021005208,176,0,84
1711023331584,66420,HTTP Request - fidustest.skolverket-1,Non HTTP response code: java.net.SocketException,Thread Group 1-151,,81,81,https://idp-skolverket.dev.eduid.se/EduidSP/2021005208/sso/redirect?SAMLRequest=hZJLT8MwEIT%2FSuR74zwaGqymUmmRqFQgagoHLsiNN8RqYgevU%2BDfkzQ8yqXcVtrxN5rxTpHXVcPmrS3VBl5bQOu815VCdlwkpDWKaY4SmeI1ILM5y%2Ba3axa4HmuMtjrXFXHmiGCs1GqhFbY1mAzMQebwsFknpLS2QUZpIUWLtnNwca%2BrA5g9dCPQrJS7na7Ali6ipj0%2BoOl9tiXOslNLxXvyL0eKZnRCEHBwQbRS9KzrfshSGniB73lR4MW0ZxoQ0kBuibNaJuQ5vADB%2BcT3L8dFfBnHPIrHYeSFxU5ExSSETobYwkqh5compKONR144CvytHzA%2FYqH%2FRJz0K%2F6VVEKql%2FNd7QYRspvtNh0N6R7B4DFZJyCzad84Oxqbkz84j%2BXfxZPZfzXjT81TemI1%2BDbsrmOvlqmuZP7hzKtKvy0McAsJ8QmdDU%2F%2BHsrsEw%3D%3D&RelayState=cookie%3A1711023331_1230,0,0,66420
1711023333408,64596,HTTP Request - fidustest.skolverket,Non HTTP response code: java.net.SocketException,Thread Group 1-155,Test failed: code expected to contain /200/,78,78,https://idp-skolverket.dev.eduid.se/EduidSP/2021005208/sso/redirect?SAMLRequest=hZJfT8IwFMW%2FytL3rVuBKQ0jQTCRBHVh0wdfTLdepGG0s7dD%2FfZuzD%2F4gm83uae%2Fk3N6Jyj2Vc1njdvqNbw2gM5731ca%2BXGRkMZqbgQq5FrsAbkreTa7XXEWhLy2xpnSVMSbIYJ1yui50djswWZgD6qEh%2FUqIVvnauSUbpRs0LUOAe5MdQC7g3YEmm1VUZgK3DZANLTDM5reZznxFq1aadGRfzlK1v4JQcIhANko2bGuuyFLKQtZFIYjFl7SjmlBKgulI95ykZDnuJByGG0KMWLDmMloHIMYxwXElzGLLsZhK0NsYKnRCe0S0tKGfjjwWZRHjEcjPhg8ES%2F9in%2BltFT65XxXRS9CfpPnqd%2BnewSLx2StgEwnXeP8aGxP%2FuA8VnwXT6b%2F1Yw%2FNU%2FoiVXvW%2FO7lr1cpKZS5Yc3qyrzNrcgHCQkInTaP%2Fl7KNNP&RelayState=cookie%3A1711023333_2356,224,0,144
1711023333408,224,HTTP Request - fidustest.skolverket-0,302,Thread Group 1-155,,78,78,https://fidustest.skolverket.se/Shibboleth.sso/Login?target=https://fidustest.skolverket.se/secure&entityID=https://idp-skolverket.dev.eduid.se/2021005208,224,0,144
1711023333633,64371,HTTP Request - fidustest.skolverket-1,Non HTTP response code: java.net.SocketException,Thread Group 1-155,,78,78,https://idp-skolverket.dev.eduid.se/EduidSP/2021005208/sso/redirect?SAMLRequest=hZJfT8IwFMW%2FytL3rVuBKQ0jQTCRBHVh0wdfTLdepGG0s7dD%2FfZuzD%2F4gm83uae%2Fk3N6Jyj2Vc1njdvqNbw2gM5731ca%2BXGRkMZqbgQq5FrsAbkreTa7XXEWhLy2xpnSVMSbIYJ1yui50djswWZgD6qEh%2FUqIVvnauSUbpRs0LUOAe5MdQC7g3YEmm1VUZgK3DZANLTDM5reZznxFq1aadGRfzlK1v4JQcIhANko2bGuuyFLKQtZFIYjFl7SjmlBKgulI95ykZDnuJByGG0KMWLDmMloHIMYxwXElzGLLsZhK0NsYKnRCe0S0tKGfjjwWZRHjEcjPhg8ES%2F9in%2BltFT65XxXRS9CfpPnqd%2BnewSLx2StgEwnXeP8aGxP%2FuA8VnwXT6b%2F1Yw%2FNU%2FoiVXvW%2FO7lr1cpKZS5Yc3qyrzNrcgHCQkInTaP%2Fl7KNNP&RelayState=cookie%3A1711023333_2356,0,0,64371
1711023354406,43599,HTTP Request - fidustest.skolverket,Non HTTP response code: java.net.SocketException,Thread Group 1-197,Test failed: code expected to contain /200/,78,78,https://idp-skolverket.dev.eduid.se/EduidSP/2021005208/sso/redirect?SAMLRequest=hZJfT8IwFMW%2FytJ31q0MwYaRIJhIgrow9MEX03V30rC1s7dD%2FfZuzD%2F4gm83uae%2Fk3N6pyiqsubzxu30Bl4bQOe9V6VGflzEpLGaG4EKuRYVIHeSp%2FPbNWd%2BwGtrnJGmJN4cEaxTRi%2BMxqYCm4I9KAkPm3VMds7VyCktVN6gax183JvyAHYP7Qg03aksMyW4nY9oaIdnNLlPt8RbtmqlRUf%2B5ai8HpwQcjj4kDcq71jX3ZAmlAUsDIIRCya0Y1rIlQXpiLdaxuQ5Ci4mUkA0LiJWhJmMism4yDMxlEyMLy%2BHrQyxgZVGJ7SLSUuLBsFwwMJtyHg44qPoiXjJV%2FwrpXOlX853lfUi5DfbbTLo0z2CxWOyVkBm065xfjS2J39wHiu%2Biyez%2F2rGn5qn9MSq9635XcteLRNTKvnhzcvSvC0sCAcxCQmd9U%2F%2BHsrsEw%3D%3D&RelayState=cookie%3A1711023354_c92b,239,0,177
1711023354406,239,HTTP Request - fidustest.skolverket-0,302,Thread Group 1-197,,78,78,https://fidustest.skolverket.se/Shibboleth.sso/Login?target=https://fidustest.skolverket.se/secure&entityID=https://idp-skolverket.dev.eduid.se/2021005208,239,0,177
1711023354646,43359,HTTP Request - fidustest.skolverket-1,Non HTTP response code: java.net.SocketException,Thread Group 1-197,,78,78,https://idp-skolverket.dev.eduid.se/EduidSP/2021005208/sso/redirect?SAMLRequest=hZJfT8IwFMW%2FytJ31q0MwYaRIJhIgrow9MEX03V30rC1s7dD%2FfZuzD%2F4gm83uae%2Fk3N6pyiqsubzxu30Bl4bQOe9V6VGflzEpLGaG4EKuRYVIHeSp%2FPbNWd%2BwGtrnJGmJN4cEaxTRi%2BMxqYCm4I9KAkPm3VMds7VyCktVN6gax183JvyAHYP7Qg03aksMyW4nY9oaIdnNLlPt8RbtmqlRUf%2B5ai8HpwQcjj4kDcq71jX3ZAmlAUsDIIRCya0Y1rIlQXpiLdaxuQ5Ci4mUkA0LiJWhJmMism4yDMxlEyMLy%2BHrQyxgZVGJ7SLSUuLBsFwwMJtyHg44qPoiXjJV%2FwrpXOlX853lfUi5DfbbTLo0z2CxWOyVkBm065xfjS2J39wHiu%2Biyez%2F2rGn5qn9MSq9635XcteLRNTKvnhzcvSvC0sCAcxCQmd9U%2F%2BHsrsEw%3D%3D&RelayState=cookie%3A1711023354_c92b,0,0,43359
1711023352405,45600,HTTP Request - fidustest.skolverket,Non HTTP response code: java.net.SocketException,Thread Group 1-193,Test failed: code expected to contain /200/,77,77,https://idp-skolverket.dev.eduid.se/EduidSP/2021005208/sso/redirect?SAMLRequest=hZJLT8MwEIT%2FSuR74sRN2mA1lUKLRKUCUVM4cEF5LNSqawevU%2BDfkzQ8yqX4tJLH32hmPcViLxuetnar1vDaAlrnfS8V8uNFQlqjuC5QIFfFHpDbiufpzYozz%2BeN0VZXWhInRQRjhVZzrbDdg8nBHEQF9%2BtVQrbWNsgpfRZ1i7Zz8HCn5QHMDroRaL4VZakl2K2HqGmPZzS7yzfEWXRqoYqe%2FMsRdeOeEGo4eFC3ou5ZV%2F2QZ5T5LPD9iPkx7ZkGamGgssRZLhLyFLIoqvxqdBFO4rA7wTi%2BGE%2BqOI7KEnwoOxliC0uFtlA2IR0tdP2Ry4JNwHgQ8Yg9Eif7in8pVC3Uy%2FmuykGE%2FHqzydwh3QMYPCbrBGQ27RvnR2NzsoPz2OK7eDL7r2b8qXlKT6wG34bfduzlItNSVB9OKqV%2BmxsoLCQkIHQ2PPn7UWaf&RelayState=cookie%3A1711023352_c37c,172,0,133
1711023352405,172,HTTP Request - fidustest.skolverket-0,302,Thread Group 1-193,,77,77,https://fidustest.skolverket.se/Shibboleth.sso/Login?target=https://fidustest.skolverket.se/secure&entityID=https://idp-skolverket.dev.eduid.se/2021005208,172,0,133
1711023352579,45426,HTTP Request - fidustest.skolverket-1,Non HTTP response code: java.net.SocketException,Thread Group 1-193,,77,77,https://idp-skolverket.dev.eduid.se/EduidSP/2021005208/sso/redirect?SAMLRequest=hZJLT8MwEIT%2FSuR74sRN2mA1lUKLRKUCUVM4cEF5LNSqawevU%2BDfkzQ8yqX4tJLH32hmPcViLxuetnar1vDaAlrnfS8V8uNFQlqjuC5QIFfFHpDbiufpzYozz%2BeN0VZXWhInRQRjhVZzrbDdg8nBHEQF9%2BtVQrbWNsgpfRZ1i7Zz8HCn5QHMDroRaL4VZakl2K2HqGmPZzS7yzfEWXRqoYqe%2FMsRdeOeEGo4eFC3ou5ZV%2F2QZ5T5LPD9iPkx7ZkGamGgssRZLhLyFLIoqvxqdBFO4rA7wTi%2BGE%2BqOI7KEnwoOxliC0uFtlA2IR0tdP2Ry4JNwHgQ8Yg9Eif7in8pVC3Uy%2FmuykGE%2FHqzydwh3QMYPCbrBGQ27RvnR2NzsoPz2OK7eDL7r2b8qXlKT6wG34bfduzlItNSVB9OKqV%2BmxsoLCQkIHQ2PPn7UWaf&RelayState=cookie%3A1711023352_c37c,0,0,45426
1711023317909,80097,HTTP Request - fidustest.skolverket,Non HTTP response code: java.net.SocketException,Thread Group 1-124,Test failed: code expected to contain /200/,77,77,https://idp-skolverket.dev.eduid.se/EduidSP/2021005208/sso/redirect?SAMLRequest=hZJfT4MwFMW%2FCun7KCAwbAYJbiYumUrG9MEX08FFmkGLvWXqtxc2%2F8yX%2BXaTe%2Fo7Oad3hrxtOpb2ppZreO0BjfXeNhLZYRGTXkumOApkkreAzBQsT29XzLMd1mllVKEaYqWIoI1Qcq4k9i3oHPReFPCwXsWkNqZDRmklyh7N4GDjTjV70DsYRqB5LbZb1YCpbURFR7xHs%2Ft8Q6zFoBaSj%2BRfjii7yQmhhL0NZS%2FKkXU9DnlGPcdzHSfwnIiOTA2l0FAYYi0XMXm%2BdCq3qrzpZeAHPAp5Ubl%2BOI1Cx%2FchmobhIEPsYSnRcGliMtD8iXMx8dyN6zE3YG70RKzsK%2F6VkKWQL%2Be72h5FyG42m2xyTPcIGg%2FJBgFJZmPj7GCsT%2F7gPJZ%2FF0%2BS%2F2rGn5pn9MTq6Nuxu4G9XGSqEcWHlTaNeptr4AZi4hKaHJ%2F8PZTkEw%3D%3D&RelayState=cookie%3A1711023318_4e09,317,0,265
1711023317909,317,HTTP Request - fidustest.skolverket-0,302,Thread Group 1-124,,77,77,https://fidustest.skolverket.se/Shibboleth.sso/Login?target=https://fidustest.skolverket.se/secure&entityID=https://idp-skolverket.dev.eduid.se/2021005208,317,0,265
1711023318226,79780,HTTP Request - fidustest.skolverket-1,Non HTTP response code: java.net.SocketException,Thread Group 1-124,,77,77,https://idp-skolverket.dev.eduid.se/EduidSP/2021005208/sso/redirect?SAMLRequest=hZJfT4MwFMW%2FCun7KCAwbAYJbiYumUrG9MEX08FFmkGLvWXqtxc2%2F8yX%2BXaTe%2Fo7Oad3hrxtOpb2ppZreO0BjfXeNhLZYRGTXkumOApkkreAzBQsT29XzLMd1mllVKEaYqWIoI1Qcq4k9i3oHPReFPCwXsWkNqZDRmklyh7N4GDjTjV70DsYRqB5LbZb1YCpbURFR7xHs%2Ft8Q6zFoBaSj%2BRfjii7yQmhhL0NZS%2FKkXU9DnlGPcdzHSfwnIiOTA2l0FAYYi0XMXm%2BdCq3qrzpZeAHPAp5Ubl%2BOI1Cx%2FchmobhIEPsYSnRcGliMtD8iXMx8dyN6zE3YG70RKzsK%2F6VkKWQL%2Be72h5FyG42m2xyTPcIGg%2FJBgFJZmPj7GCsT%2F7gPJZ%2FF0%2BS%2F2rGn5pn9MTq6Nuxu4G9XGSqEcWHlTaNeptr4AZi4hKaHJ%2F8PZTkEw%3D%3D&RelayState=cookie%3A1711023318_4e09,0,0,79780
1711023296905,101105,HTTP Request - fidustest.skolverket,Non HTTP response code: java.net.SocketException,Thread Group 1-82,Test failed: code expected to contain /200/,75,75,https://idp-skolverket.dev.eduid.se/EduidSP/2021005208/sso/redirect?SAMLRequest=hZJfT4MwFMW%2FCun7KO02WZqxBDcTl0wlgj74YoDeuWbQYm%2BZ%2Bu2F4Z%2F5Mt9uck9%2FJ%2Bf0zjGvq0bErdvpe3htAZ33XlcaxXERkdZqYXJUKHReAwpXijS%2B2QjuB6KxxpnSVMSLEcE6ZfTSaGxrsCnYgyrh4X4TkZ1zDQpKt0q26DoHH%2FemOoDdQzcCTXeqKEwFbucjGtrjOU3u0ox4q06tdN6TfzlKNqMTgoSDD7JVsmdd9UOaUB5wFgRTHsxoz7QglYXSEW%2B9isjzJJ9NSnYRymDGWTiWPJSsYHwbMhbK2XTbyRBbWGt0uXYR6WiTUTAecZYxLthETMMn4iVf8S%2BVlkq%2FnO%2BqGEQorrMsGQ3pHsHiMVknIIt537g4GtuTPziPzb%2BLJ4v%2Fasafmuf0xGrwbcRtx16vElOp8sOLq8q8LS3kDiLCCF0MT%2F4eyuIT&RelayState=cookie%3A1711023297_58a7,230,0,176
1711023296905,230,HTTP Request - fidustest.skolverket-0,302,Thread Group 1-82,,75,75,https://fidustest.skolverket.se/Shibboleth.sso/Login?target=https://fidustest.skolverket.se/secure&entityID=https://idp-skolverket.dev.eduid.se/2021005208,230,0,176
1711023297136,100874,HTTP Request - fidustest.skolverket-1,Non HTTP response code: java.net.SocketException,Thread Group 1-82,,75,75,https://idp-skolverket.dev.eduid.se/EduidSP/2021005208/sso/redirect?SAMLRequest=hZJfT4MwFMW%2FCun7KO02WZqxBDcTl0wlgj74YoDeuWbQYm%2BZ%2Bu2F4Z%2F5Mt9uck9%2FJ%2Bf0zjGvq0bErdvpe3htAZ33XlcaxXERkdZqYXJUKHReAwpXijS%2B2QjuB6KxxpnSVMSLEcE6ZfTSaGxrsCnYgyrh4X4TkZ1zDQpKt0q26DoHH%2FemOoDdQzcCTXeqKEwFbucjGtrjOU3u0ox4q06tdN6TfzlKNqMTgoSDD7JVsmdd9UOaUB5wFgRTHsxoz7QglYXSEW%2B9isjzJJ9NSnYRymDGWTiWPJSsYHwbMhbK2XTbyRBbWGt0uXYR6WiTUTAecZYxLthETMMn4iVf8S%2BVlkq%2FnO%2BqGEQorrMsGQ3pHsHiMVknIIt537g4GtuTPziPzb%2BLJ4v%2Fasafmuf0xGrwbcRtx16vElOp8sOLq8q8LS3kDiLCCF0MT%2F4eyuIT&RelayState=cookie%3A1711023297_58a7,0,0,100874
1711023288407,109602,HTTP Request - fidustest.skolverket,Non HTTP response code: java.net.SocketException,Thread Group 1-65,Test failed: code expected to contain /200/,73,73,https://idp-skolverket.dev.eduid.se/EduidSP/2021005208/sso/redirect?SAMLRequest=hZJLb8IwEIT%2FSuR74rxIUosgUahUpD4iQnvopTLxUiwSO%2FU6tP33TaAPeqG3lXb8jWa8Y%2BRN3bJpZ7dqCa8doHXem1ohOyxy0hnFNEeJTPEGkNmKldPbGxZ6PmuNtrrSNXGmiGCs1GqmFXYNmBLMXlbwsLzJydbaFhmlGyk6tL2Dhztd78HsoB%2BBllu5Xusa7NZD1HTAh7S4L1fEmfdqqfhA%2FuVI0bonBAF7D0QnxcC6GoayoKEfBr4%2FCv2MDkwDQhqoLHEW85w8p1U0Si4gjOIsSXgqIB1FozStAOIk20RJL0PsYKHQcmVz0tNi14%2FcMFgFIQtiFmdPxCm%2B4l9KJaR6Od%2FV%2BihCdr1aFe4x3SMYPCTrBWQyHhpnB2Nz8gfnsfy7eDL5r2b8qXlMT6yOvi2769mLeaFrWX0407rWbzMD3EJOAkInxyd%2FD2XyCQ%3D%3D&RelayState=cookie%3A1711023288_95af,185,0,129
1711023288407,185,HTTP Request - fidustest.skolverket-0,302,Thread Group 1-65,,73,73,https://fidustest.skolverket.se/Shibboleth.sso/Login?target=https://fidustest.skolverket.se/secure&entityID=https://idp-skolverket.dev.eduid.se/2021005208,185,0,129
1711023288593,109416,HTTP Request - fidustest.skolverket-1,Non HTTP response code: java.net.SocketException,Thread Group 1-65,,73,73,https://idp-skolverket.dev.eduid.se/EduidSP/2021005208/sso/redirect?SAMLRequest=hZJLb8IwEIT%2FSuR74rxIUosgUahUpD4iQnvopTLxUiwSO%2FU6tP33TaAPeqG3lXb8jWa8Y%2BRN3bJpZ7dqCa8doHXem1ohOyxy0hnFNEeJTPEGkNmKldPbGxZ6PmuNtrrSNXGmiGCs1GqmFXYNmBLMXlbwsLzJydbaFhmlGyk6tL2Dhztd78HsoB%2BBllu5Xusa7NZD1HTAh7S4L1fEmfdqqfhA%2FuVI0bonBAF7D0QnxcC6GoayoKEfBr4%2FCv2MDkwDQhqoLHEW85w8p1U0Si4gjOIsSXgqIB1FozStAOIk20RJL0PsYKHQcmVz0tNi14%2FcMFgFIQtiFmdPxCm%2B4l9KJaR6Od%2FV%2BihCdr1aFe4x3SMYPCTrBWQyHhpnB2Nz8gfnsfy7eDL5r2b8qXlMT6yOvi2769mLeaFrWX0407rWbzMD3EJOAkInxyd%2FD2XyCQ%3D%3D&RelayState=cookie%3A1711023288_95af,0,0,109416
1711023313408,84599,HTTP Request - fidustest.skolverket,Non HTTP response code: java.net.SocketException,Thread Group 1-115,Test failed: code expected to contain /200/,73,73,https://idp-skolverket.dev.eduid.se/EduidSP/2021005208/sso/redirect?SAMLRequest=hZJfT8IwFMW%2FytJ3aNexBBq2BMFEEtSFoQ%2B%2BmNJdpGFrZ2%2BH%2Bu3dmH%2FwBd9uck9%2FJ%2Bf0TlFWZS1mjd%2BbNbw2gD54r0qD4rRISOOMsBI1CiMrQOGVyGe3K8GHTNTOeqtsSYIZIjivrZlbg00FLgd31Aoe1quE7L2vUVC600WDvnUY4sGWR3AHaEeg%2BV5vt7YEvx8iWtrhOc3u8w0JFq1aG9mRfzm6qAdnhAKOQygaXXSs627IM8oZDxmLORvTjumg0A6UJ8FykZDnMFZqF8ecc8YmkxFESjJZsDBi40gBsFaG2MDSoJfGJ6SljQYsGvBwE3IRxiKMnkiQfcW%2F0qbQ5uVyV9tehOJms8kGfbpHcHhK1gpIOu0aFydjd%2FYHl7Hyu3iS%2Flcz%2FtQ8pWdWvW8t7lr2cpHZUquPYFaW9m3uQHpISEho2j%2F5eyjpJw%3D%3D&RelayState=cookie%3A1711023313_4553,159,0,112
1711023313408,159,HTTP Request - fidustest.skolverket-0,302,Thread Group 1-115,,73,73,https://fidustest.skolverket.se/Shibboleth.sso/Login?target=https://fidustest.skolverket.se/secure&entityID=https://idp-skolverket.dev.eduid.se/2021005208,159,0,112
1711023313567,84440,HTTP Request - fidustest.skolverket-1,Non HTTP response code: java.net.SocketException,Thread Group 1-115,,73,73,https://idp-skolverket.dev.eduid.se/EduidSP/2021005208/sso/redirect?SAMLRequest=hZJfT8IwFMW%2FytJ3aNexBBq2BMFEEtSFoQ%2B%2BmNJdpGFrZ2%2BH%2Bu3dmH%2FwBd9uck9%2FJ%2Bf0TlFWZS1mjd%2BbNbw2gD54r0qD4rRISOOMsBI1CiMrQOGVyGe3K8GHTNTOeqtsSYIZIjivrZlbg00FLgd31Aoe1quE7L2vUVC600WDvnUY4sGWR3AHaEeg%2BV5vt7YEvx8iWtrhOc3u8w0JFq1aG9mRfzm6qAdnhAKOQygaXXSs627IM8oZDxmLORvTjumg0A6UJ8FykZDnMFZqF8ecc8YmkxFESjJZsDBi40gBsFaG2MDSoJfGJ6SljQYsGvBwE3IRxiKMnkiQfcW%2F0qbQ5uVyV9tehOJms8kGfbpHcHhK1gpIOu0aFydjd%2FYHl7Hyu3iS%2Flcz%2FtQ8pWdWvW8t7lr2cpHZUquPYFaW9m3uQHpISEho2j%2F5eyjpJw%3D%3D&RelayState=cookie%3A1711023313_4553,0,0,84440
1711023318907,79100,HTTP Request - fidustest.skolverket,Non HTTP response code: java.net.SocketException,Thread Group 1-126,Test failed: code expected to contain /200/,73,73,https://idp-skolverket.dev.eduid.se/EduidSP/2021005208/sso/redirect?SAMLRequest=hZJfT8IwFMW%2FytJ36LrBxIaRIJhIgrqw6YMvpnQX17C1s7dD%2FfZuzD%2F4gm83uae%2Fk3N6pyiqsubzxhV6A68NoPPeq1IjPy5i0ljNjUCFXIsKkDvJ0%2FntmgdDn9fWOCNNSbw5IlinjF4YjU0FNgV7UBIeNuuYFM7VyCndqbxB1zoMcW%2FKA9g9tCPQtFDbrSnBFUNEQzt8QJP7NCPeslUrLTryL0fl9eCEkMNhCHmj8o513Q1pQgM%2FYL4%2FDvwJ7ZgWcmVBOuKtljF5DmU4GUm2iyIBF0KOt2EUwSRkQrKxH45kK0NsYKXRCe1i0tJGAz8cBCxjAWdjzi6fiJd8xb9SOlf65XxX216E%2FCbLkkGf7hEsHpO1AjKbdo3zo7E9%2BYPzWPFdPJn9VzP%2B1DylJ1a9b83vWvZqmZhSyQ9vXpbmbWFBOIgJI3TWP%2Fl7KLNP&RelayState=cookie%3A1711023319_c584,183,0,144
1711023318907,183,HTTP Request - fidustest.skolverket-0,302,Thread Group 1-126,,73,73,https://fidustest.skolverket.se/Shibboleth.sso/Login?target=https://fidustest.skolverket.se/secure&entityID=https://idp-skolverket.dev.eduid.se/2021005208,183,0,144
1711023319091,78916,HTTP Request - fidustest.skolverket-1,Non HTTP response code: java.net.SocketException,Thread Group 1-126,,73,73,https://idp-skolverket.dev.eduid.se/EduidSP/2021005208/sso/redirect?SAMLRequest=hZJfT8IwFMW%2FytJ36LrBxIaRIJhIgrqw6YMvpnQX17C1s7dD%2FfZuzD%2F4gm83uae%2Fk3N6pyiqsubzxhV6A68NoPPeq1IjPy5i0ljNjUCFXIsKkDvJ0%2FntmgdDn9fWOCNNSbw5IlinjF4YjU0FNgV7UBIeNuuYFM7VyCndqbxB1zoMcW%2FKA9g9tCPQtFDbrSnBFUNEQzt8QJP7NCPeslUrLTryL0fl9eCEkMNhCHmj8o513Q1pQgM%2FYL4%2FDvwJ7ZgWcmVBOuKtljF5DmU4GUm2iyIBF0KOt2EUwSRkQrKxH45kK0NsYKXRCe1i0tJGAz8cBCxjAWdjzi6fiJd8xb9SOlf65XxX216E%2FCbLkkGf7hEsHpO1AjKbdo3zo7E9%2BYPzWPFdPJn9VzP%2B1DylJ1a9b83vWvZqmZhSyQ9vXpbmbWFBOIgJI3TWP%2Fl7KLNP&RelayState=cookie%3A1711023319_c584,0,0,78916
1711023319408,78599,HTTP Request - fidustest.skolverket,Non HTTP response code: java.net.SocketException,Thread Group 1-127,Test failed: code expected to contain /200/,70,70,https://idp-skolverket.dev.eduid.se/EduidSP/2021005208/sso/redirect?SAMLRequest=hZJLb8IwEIT%2FSuQ7%2BEF4WQQphUpFom1EaA%2B9VCZZGotgp16Htv%2B%2BCfRBL%2FS20o6%2F0Yx3gmpfVjKufWFW8FoD%2BuB9XxqUx0VEamekVahRGrUHlD6TaXy7lKLLZOWst5ktSRAjgvPampk1WO%2FBpeAOOoOH1TIihfcVSkq3Oq%2FRNw5d3NnyAG4HzQg0LfRmY0vwRRfR0hYvaHKfrkkwb9TaqJb8y9F51Tkj5HDoQl7rvGVdt0OaUMEEZ6wv2Ii2TAe5dpB5EizmEXlmAxHCsM%2FC7UgNxjzkTGWgwh7n2w0bDkUjQ6xhYdAr4yPS0MIO63UEX3MheV%2Fy8RMJkq%2F4V9rk2rxc7mpzEqG8Wa%2BTzindIzg8JmsEZDppG5dHY3f2B5ex6rt4Mv2vZvypeULPrE6%2Blbxr2It5YkudfQRxWdq3mQPlISKc0Onpyd9DmX4C&RelayState=cookie%3A1711023319_1c3d,156,0,96
1711023319408,156,HTTP Request - fidustest.skolverket-0,302,Thread Group 1-127,,70,70,https://fidustest.skolverket.se/Shibboleth.sso/Login?target=https://fidustest.skolverket.se/secure&entityID=https://idp-skolverket.dev.eduid.se/2021005208,156,0,96
1711023319564,78443,HTTP Request - fidustest.skolverket-1,Non HTTP response code: java.net.SocketException,Thread Group 1-127,,70,70,https://idp-skolverket.dev.eduid.se/EduidSP/2021005208/sso/redirect?SAMLRequest=hZJLb8IwEIT%2FSuQ7%2BEF4WQQphUpFom1EaA%2B9VCZZGotgp16Htv%2B%2BCfRBL%2FS20o6%2F0Yx3gmpfVjKufWFW8FoD%2BuB9XxqUx0VEamekVahRGrUHlD6TaXy7lKLLZOWst5ktSRAjgvPampk1WO%2FBpeAOOoOH1TIihfcVSkq3Oq%2FRNw5d3NnyAG4HzQg0LfRmY0vwRRfR0hYvaHKfrkkwb9TaqJb8y9F51Tkj5HDoQl7rvGVdt0OaUMEEZ6wv2Ii2TAe5dpB5EizmEXlmAxHCsM%2FC7UgNxjzkTGWgwh7n2w0bDkUjQ6xhYdAr4yPS0MIO63UEX3MheV%2Fy8RMJkq%2F4V9rk2rxc7mpzEqG8Wa%2BTzindIzg8JmsEZDppG5dHY3f2B5ex6rt4Mv2vZvypeULPrE6%2Blbxr2It5YkudfQRxWdq3mQPlISKc0Onpyd9DmX4C&RelayState=cookie%3A1711023319_1c3d,0,0,78443
1711023278903,119108,HTTP Request - fidustest.skolverket,Non HTTP response code: java.net.SocketException,Thread Group 1-46,Test failed: code expected to contain /200/,70,70,https://idp-skolverket.dev.eduid.se/EduidSP/2021005208/sso/redirect?SAMLRequest=hZJfT8IwFMW%2FytL3rdtg4hq2BMFEEtSFoQ%2B%2BmNJepGG0s7dD%2FfZuzD%2F4gm83uae%2Fk3N6x8j3Vc0mjdvqJbw2gM5731ca2XGRkcZqZjgqZJrvAZkTrJzcLlgchKy2xhlhKuJNEME6ZfTUaGz2YEuwByXgYbnIyNa5GhmlGyUbdK1DgDtTHcDuoB2Bllu1XpsK3DZANLTDx7S4L1fEm7VqpXlH%2FuUoWfsnBAmHAGSjZMe67oayoHEYR2GYxOEl7ZgWpLIgHPHms4w8j2QqowRAiIHYXCRilPAwTSBOU8n5UPBWhtjAXKPj2mWkpQ39cODH0SqKWTRkg%2FSJeMVX%2FCulpdIv57ta9yJkN6tV4ffpHsHiMVkrIPm4a5wdje3JH5zH8u%2FiSf5fzfhT85ieWPW%2BNbtr2fNZYSolPrxJVZm3qQXuICMRoXn%2F5O%2Bh5J8%3D&RelayState=cookie%3A1711023279_4c9a,155,0,114
1711023278903,155,HTTP Request - fidustest.skolverket-0,302,Thread Group 1-46,,70,70,https://fidustest.skolverket.se/Shibboleth.sso/Login?target=https://fidustest.skolverket.se/secure&entityID=https://idp-skolverket.dev.eduid.se/2021005208,155,0,114
1711023279059,118952,HTTP Request - fidustest.skolverket-1,Non HTTP response code: java.net.SocketException,Thread Group 1-46,,70,70,https://idp-skolverket.dev.eduid.se/EduidSP/2021005208/sso/redirect?SAMLRequest=hZJfT8IwFMW%2FytL3rdtg4hq2BMFEEtSFoQ%2B%2BmNJepGG0s7dD%2FfZuzD%2F4gm83uae%2Fk3N6x8j3Vc0mjdvqJbw2gM5731ca2XGRkcZqZjgqZJrvAZkTrJzcLlgchKy2xhlhKuJNEME6ZfTUaGz2YEuwByXgYbnIyNa5GhmlGyUbdK1DgDtTHcDuoB2Bllu1XpsK3DZANLTDx7S4L1fEm7VqpXlH%2FuUoWfsnBAmHAGSjZMe67oayoHEYR2GYxOEl7ZgWpLIgHPHms4w8j2QqowRAiIHYXCRilPAwTSBOU8n5UPBWhtjAXKPj2mWkpQ39cODH0SqKWTRkg%2FSJeMVX%2FCulpdIv57ta9yJkN6tV4ffpHsHiMVkrIPm4a5wdje3JH5zH8u%2FiSf5fzfhT85ieWPW%2BNbtr2fNZYSolPrxJVZm3qQXuICMRoXn%2F5O%2Bh5J8%3D&RelayState=cookie%3A1711023279_4c9a,0,0,118952
1711023290906,107105,HTTP Request - fidustest.skolverket,Non HTTP response code: java.net.SocketException,Thread Group 1-70,Test failed: code expected to contain /200/,68,68,https://idp-skolverket.dev.eduid.se/EduidSP/2021005208/sso/redirect?SAMLRequest=hZJfT8IwFMW%2FytJ31m6AzIaRIJhIgrqw6YMvprQXaRjt7O1Qv70b8w%2B%2B4NtN7unv5JzeMYp9WfFp7bdmBa81oA%2Fe96VBflykpHaGW4EauRF7QO4lz6e3Sx6HjFfOeittSYIpIjivrZlZg%2FUeXA7uoCU8rJYp2XpfIad0o1WNvnEIcWfLA7gdNCPQfKvXa1uC34aIlrb4mGb3eUGCeaPWRrTkX45WVe%2BEoOAQgqq1alnX7ZBnNGZxxNgwZgltmQ6UdiA9CRbzlDwPYLMGxWQyHPYvkwGDS3ExGomRlJFINmrUyBBrWBj0wviUNLRBj%2FV7cVREMY8GfBg9kSD7in%2BljdLm5XxX606E%2FKYosl6X7hEcHpM1AjIZt43zo7E7%2BYPzWPFdPJn8VzP%2B1DymJ1adb8XvGvZintlSy49gWpb2beZAeEhJROike%2FL3UCaf&RelayState=cookie%3A1711023291_0783,192,0,146
1711023290906,192,HTTP Request - fidustest.skolverket-0,302,Thread Group 1-70,,68,68,https://fidustest.skolverket.se/Shibboleth.sso/Login?target=https://fidustest.skolverket.se/secure&entityID=https://idp-skolverket.dev.eduid.se/2021005208,192,0,146
1711023291098,106913,HTTP Request - fidustest.skolverket-1,Non HTTP response code: java.net.SocketException,Thread Group 1-70,,68,68,https://idp-skolverket.dev.eduid.se/EduidSP/2021005208/sso/redirect?SAMLRequest=hZJfT8IwFMW%2FytJ31m6AzIaRIJhIgrqw6YMvprQXaRjt7O1Qv70b8w%2B%2B4NtN7unv5JzeMYp9WfFp7bdmBa81oA%2Fe96VBflykpHaGW4EauRF7QO4lz6e3Sx6HjFfOeittSYIpIjivrZlZg%2FUeXA7uoCU8rJYp2XpfIad0o1WNvnEIcWfLA7gdNCPQfKvXa1uC34aIlrb4mGb3eUGCeaPWRrTkX45WVe%2BEoOAQgqq1alnX7ZBnNGZxxNgwZgltmQ6UdiA9CRbzlDwPYLMGxWQyHPYvkwGDS3ExGomRlJFINmrUyBBrWBj0wviUNLRBj%2FV7cVREMY8GfBg9kSD7in%2BljdLm5XxX606E%2FKYosl6X7hEcHpM1AjIZt43zo7E7%2BYPzWPFdPJn8VzP%2B1DymJ1adb8XvGvZintlSy49gWpb2beZAeEhJROike%2FL3UCaf&RelayState=cookie%3A1711023291_0783,0,0,106913
1711023325907,72101,HTTP Request - fidustest.skolverket,Non HTTP response code: java.net.SocketException,Thread Group 1-140,Test failed: code expected to contain /200/,68,68,https://idp-skolverket.dev.eduid.se/EduidSP/2021005208/sso/redirect?SAMLRequest=hZJfT8IwFMW%2FytL3rV0FNxq2BMFEEtSFoQ%2B%2BmLFepGFrZ2%2BH%2Bu3dwD%2F4gm83uae%2Fk3N6x1jUVSMmrdvqJby2gM57ryuN4rBISGu1MAUqFLqoAYUrRT65XQgeMNFY40xpKuJNEME6ZfTUaGxrsDnYvSrhYblIyNa5BgWlGyVbdJ1DgDtT7cHuoBuB5lu1XpsK3DZANLTHc5rd5yvizTq10kVP%2FuUo2fgnBAn7AGSrZM%2B67oc8o5zxkLEhZzHtmRakslA64s1nCXkehJtNFA3DEZQsjksZwagYjGTIyiiWfMQ6GWILc42u0C4hHW3gswufh6uQi3Ao%2BOUT8bKv%2BFdKS6Vfzne1PopQ3KxWmX9M9wgWD8k6AUnHfePiYGxP%2FuA8tvgunqT%2F1Yw%2FNY%2FpidXRtxF3HXs%2By0ylyg9vUlXmbWqhcJCQkND0%2BOTvoaSf&RelayState=cookie%3A1711023326_4db4,144,0,104
1711023325907,144,HTTP Request - fidustest.skolverket-0,302,Thread Group 1-140,,68,68,https://fidustest.skolverket.se/Shibboleth.sso/Login?target=https://fidustest.skolverket.se/secure&entityID=https://idp-skolverket.dev.eduid.se/2021005208,144,0,104
1711023326053,71955,HTTP Request - fidustest.skolverket-1,Non HTTP response code: java.net.SocketException,Thread Group 1-140,,68,68,https://idp-skolverket.dev.eduid.se/EduidSP/2021005208/sso/redirect?SAMLRequest=hZJfT8IwFMW%2FytL3rV0FNxq2BMFEEtSFoQ%2B%2BmLFepGFrZ2%2BH%2Bu3dwD%2F4gm83uae%2Fk3N6x1jUVSMmrdvqJby2gM57ryuN4rBISGu1MAUqFLqoAYUrRT65XQgeMNFY40xpKuJNEME6ZfTUaGxrsDnYvSrhYblIyNa5BgWlGyVbdJ1DgDtT7cHuoBuB5lu1XpsK3DZANLTHc5rd5yvizTq10kVP%2FuUo2fgnBAn7AGSrZM%2B67oc8o5zxkLEhZzHtmRakslA64s1nCXkehJtNFA3DEZQsjksZwagYjGTIyiiWfMQ6GWILc42u0C4hHW3gswufh6uQi3Ao%2BOUT8bKv%2BFdKS6Vfzne1PopQ3KxWmX9M9wgWD8k6AUnHfePiYGxP%2FuA8tvgunqT%2F1Yw%2FNY%2FpidXRtxF3HXs%2By0ylyg9vUlXmbWqhcJCQkND0%2BOTvoaSf&RelayState=cookie%3A1711023326_4db4,0,0,71955
1711023268406,129605,HTTP Request - fidustest.skolverket,Non HTTP response code: java.net.SocketException,Thread Group 1-25,Test failed: code expected to contain /200/,67,67,https://idp-skolverket.dev.eduid.se/EduidSP/2021005208/sso/redirect?SAMLRequest=hZJfT4MwFMW%2FCun7KFQwrBkkczNxyVQy0AdfTIE71wxa7C1Tv70w%2FDNf5ttN7unv5JzeGYqmbvm8szu1gdcO0DrvTa2QHxcx6YziWqBErkQDyG3Js%2FntmjPX463RVpe6Js4cEYyVWi20wq4Bk4E5yBIeNuuY7KxtkVO6lVWHtndwca%2FrA5g99CPQbCeLQtdgdy6ipgOe0fQ%2By4mz7NVSiYH8y5FVOzkhVHBwoepkNbCuhyFLKfOY73kh8yI6MA1U0kBpibNaxuQZorIKQlEEIoIwnG6BhQELfY9dRjAtvLKXIXawUmiFsjHpacHEu5gwP%2FcZ9wPOoifipF%2Fxr6SqpHo531UxipDf5Hk6GdM9gsFjsl5AktnQOD8am5M%2FOI8V38WT5L%2Ba8afmGT2xGn1bftezV8tU17L8cOZ1rd8WBoSFmPiEJuOTv4eSfAI%3D&RelayState=cookie%3A1711023268_83e3,174,0,104
1711023268406,174,HTTP Request - fidustest.skolverket-0,302,Thread Group 1-25,,67,67,https://fidustest.skolverket.se/Shibboleth.sso/Login?target=https://fidustest.skolverket.se/secure&entityID=https://idp-skolverket.dev.eduid.se/2021005208,174,0,104
1711023268580,129431,HTTP Request - fidustest.skolverket-1,Non HTTP response code: java.net.SocketException,Thread Group 1-25,,67,67,https://idp-skolverket.dev.eduid.se/EduidSP/2021005208/sso/redirect?SAMLRequest=hZJfT4MwFMW%2FCun7KFQwrBkkczNxyVQy0AdfTIE71wxa7C1Tv70w%2FDNf5ttN7unv5JzeGYqmbvm8szu1gdcO0DrvTa2QHxcx6YziWqBErkQDyG3Js%2FntmjPX463RVpe6Js4cEYyVWi20wq4Bk4E5yBIeNuuY7KxtkVO6lVWHtndwca%2FrA5g99CPQbCeLQtdgdy6ipgOe0fQ%2By4mz7NVSiYH8y5FVOzkhVHBwoepkNbCuhyFLKfOY73kh8yI6MA1U0kBpibNaxuQZorIKQlEEIoIwnG6BhQELfY9dRjAtvLKXIXawUmiFsjHpacHEu5gwP%2FcZ9wPOoifipF%2Fxr6SqpHo531UxipDf5Hk6GdM9gsFjsl5AktnQOD8am5M%2FOI8V38WT5L%2Ba8afmGT2xGn1bftezV8tU17L8cOZ1rd8WBoSFmPiEJuOTv4eSfAI%3D&RelayState=cookie%3A1711023268_83e3,0,0,129431
1711023341907,56100,HTTP Request - fidustest.skolverket,Non HTTP response code: java.net.SocketException,Thread Group 1-172,Test failed: code expected to contain /200/,66,66,https://idp-skolverket.dev.eduid.se/EduidSP/2021005208/sso/redirect?SAMLRequest=hZJLT8MwEIT%2FSuR7a8d9UKymUmiRqFQgagoHLsiJN9RqagevU%2BDfkzQ8yqXcVtrxN5rxTlHuy0rEtd%2BaNbzWgD5435cGxXERkdoZYSVqFEbuAYXPRRrfrgTvM1E5621uSxLEiOC8tmZuDdZ7cCm4g87hYb2KyNb7CgWlhVY1%2BsahjztbHsDtoBmBpludZbYEv%2B0jWtriOU3u0w0JFo1aG9mSfzlaVb0TgoJDH1StVcu6boc0oZzxkLERZxPaMh0o7SD3JFguIvLM5WhSyIIP1QWbFPnFcCC5zLMxu1QDGLOikSHWsDTopfERaWjDHhv0eLgJuQhHYsifSJB8xb%2FSRmnzcr6rrBOhuNlskl6X7hEcHpM1AjKbto2Lo7E7%2BYPzWPldPJn9VzP%2B1DylJ1adbyXuGvZykdhS5x9BXJb2be5AeohISOise%2FL3UGaf&RelayState=cookie%3A1711023342_fc9d,191,0,129
1711023341907,192,HTTP Request - fidustest.skolverket-0,302,Thread Group 1-172,,66,66,https://fidustest.skolverket.se/Shibboleth.sso/Login?target=https://fidustest.skolverket.se/secure&entityID=https://idp-skolverket.dev.eduid.se/2021005208,191,0,129
1711023342100,55907,HTTP Request - fidustest.skolverket-1,Non HTTP response code: java.net.SocketException,Thread Group 1-172,,66,66,https://idp-skolverket.dev.eduid.se/EduidSP/2021005208/sso/redirect?SAMLRequest=hZJLT8MwEIT%2FSuR7a8d9UKymUmiRqFQgagoHLsiJN9RqagevU%2BDfkzQ8yqXcVtrxN5rxTlHuy0rEtd%2BaNbzWgD5435cGxXERkdoZYSVqFEbuAYXPRRrfrgTvM1E5621uSxLEiOC8tmZuDdZ7cCm4g87hYb2KyNb7CgWlhVY1%2BsahjztbHsDtoBmBpludZbYEv%2B0jWtriOU3u0w0JFo1aG9mSfzlaVb0TgoJDH1StVcu6boc0oZzxkLERZxPaMh0o7SD3JFguIvLM5WhSyIIP1QWbFPnFcCC5zLMxu1QDGLOikSHWsDTopfERaWjDHhv0eLgJuQhHYsifSJB8xb%2FSRmnzcr6rrBOhuNlskl6X7hEcHpM1AjKbto2Lo7E7%2BYPzWPldPJn9VzP%2B1DylJ1adbyXuGvZykdhS5x9BXJb2be5AeohISOise%2FL3UGaf&RelayState=cookie%3A1711023342_fc9d,0,0,55907
1711023264910,133102,HTTP Request - fidustest.skolverket,Non HTTP response code: java.net.SocketException,Thread Group 1-18,Test failed: code expected to contain /200/,65,65,https://idp-skolverket.dev.eduid.se/EduidSP/2021005208/sso/redirect?SAMLRequest=hZJfT8IwFMW%2FytJ3aFcHmw0jQTCRBHVh6IMvpmwXaSjt7O1Qv70b8w%2B%2B4NtN7unv5JzeEcq9rsSk9luzhNca0Afve21QHBcpqZ0RVqJCYeQeUPhC5JPbheB9JipnvS2sJsEEEZxX1kytwXoPLgd3UAU8LBcp2XpfoaB0o8oafePQx53VB3A7aEag%2BVat11aD3%2FYRLW3xnGb3%2BYoEs0atjGzJvxxVVr0TQgmHPpS1KlvWdTvkGeWMh4wNOEtoy3RQKgeFJ8F8lpLnMrpcDyNIomHBQjaQMuY8Tli82YSXMWySRoZYw9ygl8anpKFFPXbR4%2BEq5CKMBB88kSD7in%2BlTKnMy%2Fmu1p0Ixc1qlfW6dI%2Fg8JisEZDxqG1cHI3dyR%2Bcx8rv4sn4v5rxp%2BYRPbHqfCtx17Dns8xqVXwEE63t29SB9JCSkNBx9%2BTvoYw%2FAQ%3D%3D&RelayState=cookie%3A1711023265_4665,171,0,127
1711023264910,171,HTTP Request - fidustest.skolverket-0,302,Thread Group 1-18,,65,65,https://fidustest.skolverket.se/Shibboleth.sso/Login?target=https://fidustest.skolverket.se/secure&entityID=https://idp-skolverket.dev.eduid.se/2021005208,171,0,127
1711023265082,132930,HTTP Request - fidustest.skolverket-1,Non HTTP response code: java.net.SocketException,Thread Group 1-18,,65,65,https://idp-skolverket.dev.eduid.se/EduidSP/2021005208/sso/redirect?SAMLRequest=hZJfT8IwFMW%2FytJ3aFcHmw0jQTCRBHVh6IMvpmwXaSjt7O1Qv70b8w%2B%2B4NtN7unv5JzeEcq9rsSk9luzhNca0Afve21QHBcpqZ0RVqJCYeQeUPhC5JPbheB9JipnvS2sJsEEEZxX1kytwXoPLgd3UAU8LBcp2XpfoaB0o8oafePQx53VB3A7aEag%2BVat11aD3%2FYRLW3xnGb3%2BYoEs0atjGzJvxxVVr0TQgmHPpS1KlvWdTvkGeWMh4wNOEtoy3RQKgeFJ8F8lpLnMrpcDyNIomHBQjaQMuY8Tli82YSXMWySRoZYw9ygl8anpKFFPXbR4%2BEq5CKMBB88kSD7in%2BlTKnMy%2Fmu1p0Ixc1qlfW6dI%2Fg8JisEZDxqG1cHI3dyR%2Bcx8rv4sn4v5rxp%2BYRPbHqfCtx17Dns8xqVXwEE63t29SB9JCSkNBx9%2BTvoYw%2FAQ%3D%3D&RelayState=cookie%3A1711023265_4665,0,0,132930
1711023294409,103604,HTTP Request - fidustest.skolverket,Non HTTP response code: java.net.SocketException,Thread Group 1-77,Test failed: code expected to contain /200/,64,64,https://idp-skolverket.dev.eduid.se/EduidSP/2021005208/sso/redirect?SAMLRequest=hZJLT8MwEIT%2FSuR74rwKqdVUKi0SlQpETeHABTnxllpN7OB1Cvx7koZHuZTbSjv%2BRjPeCfK6atistTu1htcW0DrvdaWQHRcpaY1imqNEpngNyGzJ8tntioWezxqjrS51RZwZIhgrtZprhW0NJgdzkCU8rFcp2VnbIKN0K0WLtnPwcK%2BrA5g9dCPQfCeLQldgdx6ipj0%2BpNl9viHOolNLxXvyL0eKxj0hCDh4IFopetZ1P%2BQZDf0w8P1R6Ce0ZxoQ0kBpibNcpOSZF0UkRCDGEHFI%2FHh0kVxeimhcjIt4m0RhJ0NsYanQcmVT0tFi14%2FcMNgEIQtiNoqfiJN9xb%2BSSkj1cr6rYhAhu9lsMndI9wgGj8k6AZlO%2BsbZ0dic%2FMF5LP8unkz%2Fqxl%2Fap7QE6vBt2F3HXu5yHQlyw9nVlX6bW6AW0hJQOh0ePL3UKaf&RelayState=cookie%3A1711023294_47fe,160,0,122
1711023294409,161,HTTP Request - fidustest.skolverket-0,302,Thread Group 1-77,,64,64,https://fidustest.skolverket.se/Shibboleth.sso/Login?target=https://fidustest.skolverket.se/secure&entityID=https://idp-skolverket.dev.eduid.se/2021005208,160,0,122
1711023294571,103442,HTTP Request - fidustest.skolverket-1,Non HTTP response code: java.net.SocketException,Thread Group 1-77,,64,64,https://idp-skolverket.dev.eduid.se/EduidSP/2021005208/sso/redirect?SAMLRequest=hZJLT8MwEIT%2FSuR74rwKqdVUKi0SlQpETeHABTnxllpN7OB1Cvx7koZHuZTbSjv%2BRjPeCfK6atistTu1htcW0DrvdaWQHRcpaY1imqNEpngNyGzJ8tntioWezxqjrS51RZwZIhgrtZprhW0NJgdzkCU8rFcp2VnbIKN0K0WLtnPwcK%2BrA5g9dCPQfCeLQldgdx6ipj0%2BpNl9viHOolNLxXvyL0eKxj0hCDh4IFopetZ1P%2BQZDf0w8P1R6Ce0ZxoQ0kBpibNcpOSZF0UkRCDGEHFI%2FHh0kVxeimhcjIt4m0RhJ0NsYanQcmVT0tFi14%2FcMNgEIQtiNoqfiJN9xb%2BSSkj1cr6rYhAhu9lsMndI9wgGj8k6AZlO%2BsbZ0dic%2FMF5LP8unkz%2Fqxl%2Fap7QE6vBt2F3HXu5yHQlyw9nVlX6bW6AW0hJQOh0ePL3UKaf&RelayState=cookie%3A1711023294_47fe,0,0,103442
1711023273909,124104,HTTP Request - fidustest.skolverket,Non HTTP response code: java.net.SocketException,Thread Group 1-36,Test failed: code expected to contain /200/,62,62,https://idp-skolverket.dev.eduid.se/EduidSP/2021005208/sso/redirect?SAMLRequest=hZJfT8IwFMW%2FytJ31nUMMhpGgmAiCerC0AdfTLdepKG0s7dD%2FfZu4B98wbeb3NPfyTm9YxR7XfNp47dmBa8NoA%2Fe99ogPy4y0jjDrUCF3Ig9IPcVL6a3Sx6HEa%2Bd9baymgRTRHBeWTOzBps9uALcQVXwsFpmZOt9jZzSjZIN%2BtYhxJ3VB3A7aEegxVaVpdXgtyGipR0%2Bpvl9sSbBvFUrIzryL0fJundGkHAIQTZKdqzrbihyGkcxi6JBHKW0YzqQykHlSbCYZ%2BQ5kgDABnG1SQbJYCRYCiIdlUM5TFiZMmhliA0sDHphfEZaWtKL%2Br2YrVnMWcL7yRMJ8q%2F4V8pIZV4ud1WeRMhv1uu8d0r3CA6PyVoBmYy7xvnR2J39wWWs%2BC6eTP6rGX9qHtMzq5Nvze9a9mKeW62qj2CqtX2bORAeMsIInZye%2FD2UySc%3D&RelayState=cookie%3A1711023274_1f51,191,0,134
1711023273909,191,HTTP Request - fidustest.skolverket-0,302,Thread Group 1-36,,62,62,https://fidustest.skolverket.se/Shibboleth.sso/Login?target=https://fidustest.skolverket.se/secure&entityID=https://idp-skolverket.dev.eduid.se/2021005208,191,0,134
1711023274101,123912,HTTP Request - fidustest.skolverket-1,Non HTTP response code: java.net.SocketException,Thread Group 1-36,,62,62,https://idp-skolverket.dev.eduid.se/EduidSP/2021005208/sso/redirect?SAMLRequest=hZJfT8IwFMW%2FytJ31nUMMhpGgmAiCerC0AdfTLdepKG0s7dD%2FfZu4B98wbeb3NPfyTm9YxR7XfNp47dmBa8NoA%2Fe99ogPy4y0jjDrUCF3Ig9IPcVL6a3Sx6HEa%2Bd9baymgRTRHBeWTOzBps9uALcQVXwsFpmZOt9jZzSjZIN%2BtYhxJ3VB3A7aEegxVaVpdXgtyGipR0%2Bpvl9sSbBvFUrIzryL0fJundGkHAIQTZKdqzrbihyGkcxi6JBHKW0YzqQykHlSbCYZ%2BQ5kgDABnG1SQbJYCRYCiIdlUM5TFiZMmhliA0sDHphfEZaWtKL%2Br2YrVnMWcL7yRMJ8q%2F4V8pIZV4ud1WeRMhv1uu8d0r3CA6PyVoBmYy7xvnR2J39wWWs%2BC6eTP6rGX9qHtMzq5Nvze9a9mKeW62qj2CqtX2bORAeMsIInZye%2FD2UySc%3D&RelayState=cookie%3A1711023274_1f51,0,0,123912
1711023348908,49101,HTTP Request - fidustest.skolverket,Non HTTP response code: java.net.SocketException,Thread Group 1-186,Test failed: code expected to contain /200/,61,61,https://idp-skolverket.dev.eduid.se/EduidSP/2021005208/sso/redirect?SAMLRequest=hZLdT8IwFMX%2FlaXv0A%2BYQMNIJphIgrow9MEX021XaRjt7O1Q%2F3s35ge%2B4NtN7unv5JzeKap9Wcm49luzhtca0Afv%2B9KgPC4iUjsjrUKN0qg9oPS5TOOblRR9Jitnvc1tSYIYEZzX1sytwXoPLgV30Dncr1cR2XpfoaT0WRc1%2BsahjztbHsDtoBmBpludZbYEv%2B0jWtriBU3u0g0JFo1aG9WSfzm6qHonhAIOfShqXbSsq3ZIEyqY4IyFgo1py3RQaAe5J8FyEZGnMAvz4WjAlRL8YiyATxgfjxUbDtggHBWjRoZYw9KgV8ZHpKENe2zQE3zDheShHE4eSZB8xb%2FUptDm5XxXWSdCeb3ZJL0u3QM4PCZrBGQ2bRuXR2N38gfnseq7eDL7r2b8qXlKT6w630reNuzlIrGlzj%2BCuCzt29yB8hARTuise%2FL3UGaf&RelayState=cookie%3A1711023349_1869,147,0,98
1711023348908,147,HTTP Request - fidustest.skolverket-0,302,Thread Group 1-186,,61,61,https://fidustest.skolverket.se/Shibboleth.sso/Login?target=https://fidustest.skolverket.se/secure&entityID=https://idp-skolverket.dev.eduid.se/2021005208,147,0,98
1711023349056,48953,HTTP Request - fidustest.skolverket-1,Non HTTP response code: java.net.SocketException,Thread Group 1-186,,61,61,https://idp-skolverket.dev.eduid.se/EduidSP/2021005208/sso/redirect?SAMLRequest=hZLdT8IwFMX%2FlaXv0A%2BYQMNIJphIgrow9MEX021XaRjt7O1Q%2F3s35ge%2B4NtN7unv5JzeKap9Wcm49luzhtca0Afv%2B9KgPC4iUjsjrUKN0qg9oPS5TOOblRR9Jitnvc1tSYIYEZzX1sytwXoPLgV30Dncr1cR2XpfoaT0WRc1%2BsahjztbHsDtoBmBpludZbYEv%2B0jWtriBU3u0g0JFo1aG9WSfzm6qHonhAIOfShqXbSsq3ZIEyqY4IyFgo1py3RQaAe5J8FyEZGnMAvz4WjAlRL8YiyATxgfjxUbDtggHBWjRoZYw9KgV8ZHpKENe2zQE3zDheShHE4eSZB8xb%2FUptDm5XxXWSdCeb3ZJL0u3QM4PCZrBGQ2bRuXR2N38gfnseq7eDL7r2b8qXlKT6w630reNuzlIrGlzj%2BCuCzt29yB8hARTuise%2FL3UGaf&RelayState=cookie%3A1711023349_1869,0,0,48953
1711023339407,58602,HTTP Request - fidustest.skolverket,Non HTTP response code: java.net.SocketException,Thread Group 1-167,Test failed: code expected to contain /200/,61,61,https://idp-skolverket.dev.eduid.se/EduidSP/2021005208/sso/redirect?SAMLRequest=hZJfT4MwFMW%2FCun7KJRhoBlL5mbikqlE0AdfDNA71wxa7C1Tv70w%2FDNf5ttN7unv5JzeGRZN3fJFZ3fqHl47QOu8N7VCflwkpDOK6wIlclU0gNxWPFvcbDhzPd4abXWla%2BIsEMFYqdVSK%2BwaMBmYg6zg4X6TkJ21LXJKt1J0aHsHF%2Fe6PoDZQz8CzXayLHUNduciajrgGU3vspw4q14tVTGQfzlStJMTgoCDC6KTYmBdDUOWUuYx3%2FNC5kV0YBoQ0kBlibNeJeQ5hKnwAh%2FKoJyy4KKIwyiaxtsIIgAR%2B9tehtjBWqEtlE1IT5tOvGDC%2FNxn3A95ED8RJ%2F2KfymVkOrlfFflKEJ%2BnefpZEz3CAaPyXoBmc%2BGxvnR2Jz8wXls8V08mf9XM%2F7UPKMnVqNvy2979nqV6lpWH86irvXb0kBhISE%2BofPxyd9DmX8C&RelayState=cookie%3A1711023339_6db2,173,0,118
1711023339407,173,HTTP Request - fidustest.skolverket-0,302,Thread Group 1-167,,61,61,https://fidustest.skolverket.se/Shibboleth.sso/Login?target=https://fidustest.skolverket.se/secure&entityID=https://idp-skolverket.dev.eduid.se/2021005208,173,0,118
1711023339582,58427,HTTP Request - fidustest.skolverket-1,Non HTTP response code: java.net.SocketException,Thread Group 1-167,,61,61,https://idp-skolverket.dev.eduid.se/EduidSP/2021005208/sso/redirect?SAMLRequest=hZJfT4MwFMW%2FCun7KJRhoBlL5mbikqlE0AdfDNA71wxa7C1Tv70w%2FDNf5ttN7unv5JzeGRZN3fJFZ3fqHl47QOu8N7VCflwkpDOK6wIlclU0gNxWPFvcbDhzPd4abXWla%2BIsEMFYqdVSK%2BwaMBmYg6zg4X6TkJ21LXJKt1J0aHsHF%2Fe6PoDZQz8CzXayLHUNduciajrgGU3vspw4q14tVTGQfzlStJMTgoCDC6KTYmBdDUOWUuYx3%2FNC5kV0YBoQ0kBlibNeJeQ5hKnwAh%2FKoJyy4KKIwyiaxtsIIgAR%2B9tehtjBWqEtlE1IT5tOvGDC%2FNxn3A95ED8RJ%2F2KfymVkOrlfFflKEJ%2BnefpZEz3CAaPyXoBmc%2BGxvnR2Jz8wXls8V08mf9XM%2F7UPKMnVqNvy2979nqV6lpWH86irvXb0kBhISE%2BofPxyd9DmX8C&RelayState=cookie%3A1711023339_6db2,0,0,58427
1711023281406,116608,HTTP Request - fidustest.skolverket,Non HTTP response code: java.net.SocketException,Thread Group 1-51,Test failed: code expected to contain /200/,60,59,https://idp-skolverket.dev.eduid.se/EduidSP/2021005208/sso/redirect?SAMLRequest=hZJLb4MwEIT%2FCvI9MTjkUSsg0aRSI%2FWBAu2hlwrMplgBm3pN2v77QugjvaS3lXb8jWa8S8zqquFRa0u1hdcW0DrvdaWQHxcBaY3iOkOJXGU1ILeCJ9HtDWdjlzdGWy10RZwIEYyVWq20wrYGk4A5SAEP25uAlNY2yCndyaJF2zmMca%2BrA5g9dCPQpJR5riuw5RhR0x7PaHyfpMRZd2qpsp78y5FFMzohFHAYQ9HKomdd9UMSU%2BYyz3WnzF3QnmmgkAaEJc5mHZBn4ee73WIumDufZsL3LlwmZrPFfOLDdL5gXidDbGGj0GbKBqSj%2BSN3MmJe6jHu%2Bdz3nogTf8W%2FlKqQ6uV8V%2FkgQn6dpvFoSPcIBo%2FJOgEJl33j%2FGhsTv7gPDb7Lp6E%2F9WMPzUv6YnV4Nvwu469Wce6kuLDiapKv60MZBYC4hEaDk%2F%2BHkr4CQ%3D%3D&RelayState=cookie%3A1711023281_d7e9,226,0,131
1711023281406,226,HTTP Request - fidustest.skolverket-0,302,Thread Group 1-51,,60,59,https://fidustest.skolverket.se/Shibboleth.sso/Login?target=https://fidustest.skolverket.se/secure&entityID=https://idp-skolverket.dev.eduid.se/2021005208,226,0,131
1711023281634,116380,HTTP Request - fidustest.skolverket-1,Non HTTP response code: java.net.SocketException,Thread Group 1-51,,60,59,https://idp-skolverket.dev.eduid.se/EduidSP/2021005208/sso/redirect?SAMLRequest=hZJLb4MwEIT%2FCvI9MTjkUSsg0aRSI%2FWBAu2hlwrMplgBm3pN2v77QugjvaS3lXb8jWa8S8zqquFRa0u1hdcW0DrvdaWQHxcBaY3iOkOJXGU1ILeCJ9HtDWdjlzdGWy10RZwIEYyVWq20wrYGk4A5SAEP25uAlNY2yCndyaJF2zmMca%2BrA5g9dCPQpJR5riuw5RhR0x7PaHyfpMRZd2qpsp78y5FFMzohFHAYQ9HKomdd9UMSU%2BYyz3WnzF3QnmmgkAaEJc5mHZBn4ee73WIumDufZsL3LlwmZrPFfOLDdL5gXidDbGGj0GbKBqSj%2BSN3MmJe6jHu%2Bdz3nogTf8W%2FlKqQ6uV8V%2FkgQn6dpvFoSPcIBo%2FJOgEJl33j%2FGhsTv7gPDb7Lp6E%2F9WMPzUv6YnV4Nvwu469Wce6kuLDiapKv60MZBYC4hEaDk%2F%2BHkr4CQ%3D%3D&RelayState=cookie%3A1711023281_d7e9,0,0,116380
1711023325408,72601,HTTP Request - fidustest.skolverket,Non HTTP response code: java.net.SocketException,Thread Group 1-139,Test failed: code expected to contain /200/,59,59,https://idp-skolverket.dev.eduid.se/EduidSP/2021005208/sso/redirect?SAMLRequest=hZJfT8IwFMW%2FytL3rWthiA0jQTCRBHVh0wdfTLddpGG0s7dD%2FfZuzD%2F4gm83uae%2Fk3N6Jyj3VS1mjdvqNbw2gM5731caxXERk8ZqYSQqFFruAYUrRDq7XQkehKK2xpnCVMSbIYJ1yui50djswaZgD6qAh%2FUqJlvnahSUblTZoGsdAtyZ6gB2B%2B0INN2qPDcVuG2AaGiH5zS5TzPiLVq10rIj%2F3JUWfsnhBIOAZSNKjvWdTekCeUhZ2EY8XBMO6aFUlkoHPGWi5g8h%2BNBzi5HEcvzYT4cR%2BVFJFm%2BCRkrgMuLUStDbGCp0UntYtLShn448DnLGBcsEjx6Il7yFf9K6VLpl%2FNd5b0IxU2WJX6f7hEsHpO1AjKddI2Lo7E9%2BYPzWPldPJn%2BVzP%2B1DyhJ1a9by3uWvZykZhKFR%2FerKrM29yCdBATRui0f%2FL3UKaf&RelayState=cookie%3A1711023325_ac1b,138,0,92
1711023325408,138,HTTP Request - fidustest.skolverket-0,302,Thread Group 1-139,,59,59,https://fidustest.skolverket.se/Shibboleth.sso/Login?target=https://fidustest.skolverket.se/secure&entityID=https://idp-skolverket.dev.eduid.se/2021005208,138,0,92
1711023325547,72462,HTTP Request - fidustest.skolverket-1,Non HTTP response code: java.net.SocketException,Thread Group 1-139,,59,59,https://idp-skolverket.dev.eduid.se/EduidSP/2021005208/sso/redirect?SAMLRequest=hZJfT8IwFMW%2FytL3rWthiA0jQTCRBHVh0wdfTLddpGG0s7dD%2FfZuzD%2F4gm83uae%2Fk3N6Jyj3VS1mjdvqNbw2gM5731caxXERk8ZqYSQqFFruAYUrRDq7XQkehKK2xpnCVMSbIYJ1yui50djswaZgD6qAh%2FUqJlvnahSUblTZoGsdAtyZ6gB2B%2B0INN2qPDcVuG2AaGiH5zS5TzPiLVq10rIj%2F3JUWfsnhBIOAZSNKjvWdTekCeUhZ2EY8XBMO6aFUlkoHPGWi5g8h%2BNBzi5HEcvzYT4cR%2BVFJFm%2BCRkrgMuLUStDbGCp0UntYtLShn448DnLGBcsEjx6Il7yFf9K6VLpl%2FNd5b0IxU2WJX6f7hEsHpO1AjKddI2Lo7E9%2BYPzWPldPJn%2BVzP%2B1DyhJ1a9by3uWvZykZhKFR%2FerKrM29yCdBATRui0f%2FL3UKaf&RelayState=cookie%3A1711023325_ac1b,0,0,72462
1711023309906,88106,HTTP Request - fidustest.skolverket,Non HTTP response code: java.net.SocketException,Thread Group 1-108,Test failed: code expected to contain /200/,58,58,https://idp-skolverket.dev.eduid.se/EduidSP/2021005208/sso/redirect?SAMLRequest=hZJLb8IwEIT%2FSuR7cF5AZJFIFCoVibYRSXvopXKcpVgEO%2FU6tP33TUgf9EJvK%2B34G814Z8gPdcPmrd2pDby2gNZ5P9QK2WmRkNYopjlKZIofAJkVLJ%2Ffrlkw8lhjtNVC18SZI4KxUquFVtgewORgjlLAw2adkJ21DTJKt7Jq0XYOI9zr%2BghmD90INN%2FJstQ12N0IUdMeH9DsPi%2BIs%2BzUUvGe%2FMuRVeOeESo4jqBqZdWzrvshz2jgBb7njQMvpj3TQCUNCEuc1TIhz1EYi2hSigkPwlCUWxFV03HpRzwOp7EfQSdDbGGl0HJlE9LRItcL3cAv%2FID5Y%2BZ7T8TJvuJfSVVJ9XK5q3IQIbspiswd0j2CwVOyTkDSWd84Oxmbsz%2B4jOXfxZP0v5rxp%2BYZPbMafBt217FXy0zXUnw487rWbwsD3EJCfELT4cnfQ0k%2FAQ%3D%3D&RelayState=cookie%3A1711023310_5a19,169,0,127
1711023309906,169,HTTP Request - fidustest.skolverket-0,302,Thread Group 1-108,,58,58,https://fidustest.skolverket.se/Shibboleth.sso/Login?target=https://fidustest.skolverket.se/secure&entityID=https://idp-skolverket.dev.eduid.se/2021005208,169,0,127
1711023310076,87936,HTTP Request - fidustest.skolverket-1,Non HTTP response code: java.net.SocketException,Thread Group 1-108,,58,58,https://idp-skolverket.dev.eduid.se/EduidSP/2021005208/sso/redirect?SAMLRequest=hZJLb8IwEIT%2FSuR7cF5AZJFIFCoVibYRSXvopXKcpVgEO%2FU6tP33TUgf9EJvK%2B34G814Z8gPdcPmrd2pDby2gNZ5P9QK2WmRkNYopjlKZIofAJkVLJ%2Ffrlkw8lhjtNVC18SZI4KxUquFVtgewORgjlLAw2adkJ21DTJKt7Jq0XYOI9zr%2BghmD90INN%2FJstQ12N0IUdMeH9DsPi%2BIs%2BzUUvGe%2FMuRVeOeESo4jqBqZdWzrvshz2jgBb7njQMvpj3TQCUNCEuc1TIhz1EYi2hSigkPwlCUWxFV03HpRzwOp7EfQSdDbGGl0HJlE9LRItcL3cAv%2FID5Y%2BZ7T8TJvuJfSVVJ9XK5q3IQIbspiswd0j2CwVOyTkDSWd84Oxmbsz%2B4jOXfxZP0v5rxp%2BYZPbMafBt217FXy0zXUnw487rWbwsD3EJCfELT4cnfQ0k%2FAQ%3D%3D&RelayState=cookie%3A1711023310_5a19,0,0,87936
1711023335906,62104,HTTP Request - fidustest.skolverket,Non HTTP response code: java.net.SocketException,Thread Group 1-160,Test failed: code expected to contain /200/,57,57,https://idp-skolverket.dev.eduid.se/EduidSP/2021005208/sso/redirect?SAMLRequest=hZJLT8MwEIT%2FSuR749jpg1pNpdIiUalA1BQOXJAbL9RqYgevU%2BDfkzQ8yqXcVtrxN5rxTlCWRSVmtd%2BZNbzWgD54LwuD4rhISO2MsBI1CiNLQOFzkc1uVoKHkaic9Ta3BQlmiOC8tmZuDdYluAzcQedwv14lZOd9hYLSZ61q9I1DiHtbHMDtoRmBZju93doC%2FC5EtLTFc5reZRsSLBq1NrIl%2F3K0qnonBAWHEFStVcu6aocspTziLIoGPLqgLdOB0g5yT4LlIiFPKmajfn8YgRqxURxDpIacjWPGxjIfcMYbGWINS4NeGp%2BQhtbvRXGPsw3jgg1EPHwkQfoV%2F1Ibpc3L%2Ba62nQjF9WaT9rp0D%2BDwmKwRkOmkbVwcjd3JH5zHyu%2FiyfS%2FmvGn5gk9sep8K3HbsJeL1BY6%2FwhmRWHf5g6kh4QwQqfdk7%2BHMv0E&RelayState=cookie%3A1711023336_2642,136,0,91
1711023335906,136,HTTP Request - fidustest.skolverket-0,302,Thread Group 1-160,,57,57,https://fidustest.skolverket.se/Shibboleth.sso/Login?target=https://fidustest.skolverket.se/secure&entityID=https://idp-skolverket.dev.eduid.se/2021005208,136,0,91
1711023336044,61966,HTTP Request - fidustest.skolverket-1,Non HTTP response code: java.net.SocketException,Thread Group 1-160,,57,57,https://idp-skolverket.dev.eduid.se/EduidSP/2021005208/sso/redirect?SAMLRequest=hZJLT8MwEIT%2FSuR749jpg1pNpdIiUalA1BQOXJAbL9RqYgevU%2BDfkzQ8yqXcVtrxN5rxTlCWRSVmtd%2BZNbzWgD54LwuD4rhISO2MsBI1CiNLQOFzkc1uVoKHkaic9Ta3BQlmiOC8tmZuDdYluAzcQedwv14lZOd9hYLSZ61q9I1DiHtbHMDtoRmBZju93doC%2FC5EtLTFc5reZRsSLBq1NrIl%2F3K0qnonBAWHEFStVcu6aocspTziLIoGPLqgLdOB0g5yT4LlIiFPKmajfn8YgRqxURxDpIacjWPGxjIfcMYbGWINS4NeGp%2BQhtbvRXGPsw3jgg1EPHwkQfoV%2F1Ibpc3L%2Ba62nQjF9WaT9rp0D%2BDwmKwRkOmkbVwcjd3JH5zHyu%2FiyfS%2FmvGn5gk9sep8K3HbsJeL1BY6%2FwhmRWHf5g6kh4QwQqfdk7%2BHMv0E&RelayState=cookie%3A1711023336_2642,0,0,61966
1711023309407,88606,HTTP Request - fidustest.skolverket,Non HTTP response code: java.net.SocketException,Thread Group 1-107,Test failed: code expected to contain /200/,55,55,https://idp-skolverket.dev.eduid.se/EduidSP/2021005208/sso/redirect?SAMLRequest=hZJfT8IwFMW%2FytJ3aLsx0IaRIJhIgrqw6YMvptsurmG0s7dD%2FfZuzD%2F4gm83uae%2Fk3N6pyj3VS3mjSv1Bl4bQOe97yuN4riISGO1MBIVCi33gMLlIpnfroU%2FZKK2xpncVMSbI4J1yuiF0djswSZgDyqHh806IqVzNQpKt6po0LUOQ9yZ6gB2B%2B0INClVlpkKXDlENLTD%2BzS%2BT1LiLVu10rIj%2F3JUUQ9OCAUchlA0quhY192QxNRnPmcs9NkF7ZgWCmUhd8RbLSPyzHkoJ5xNgvEkzPKc5f4WYByMeRBko0vJWhliAyuNTmoXkZY2GrBg4POU%2B4KHgl0%2BES%2F%2Bin%2BldKH0y%2Fmusl6E4iZN40Gf7hEsHpO1AjKbdo2Lo7E9%2BYPzWPldPJn9VzP%2B1DylJ1a9by3uWvZqGZtK5R%2FevKrM28KCdBARTuisf%2FL3UGaf&RelayState=cookie%3A1711023309_1d8a,110,0,63
1711023309407,110,HTTP Request - fidustest.skolverket-0,302,Thread Group 1-107,,55,55,https://fidustest.skolverket.se/Shibboleth.sso/Login?target=https://fidustest.skolverket.se/secure&entityID=https://idp-skolverket.dev.eduid.se/2021005208,110,0,63
1711023309517,88496,HTTP Request - fidustest.skolverket-1,Non HTTP response code: java.net.SocketException,Thread Group 1-107,,55,55,https://idp-skolverket.dev.eduid.se/EduidSP/2021005208/sso/redirect?SAMLRequest=hZJfT8IwFMW%2FytJ3aLsx0IaRIJhIgrqw6YMvptsurmG0s7dD%2FfZuzD%2F4gm83uae%2Fk3N6pyj3VS3mjSv1Bl4bQOe97yuN4riISGO1MBIVCi33gMLlIpnfroU%2FZKK2xpncVMSbI4J1yuiF0djswSZgDyqHh806IqVzNQpKt6po0LUOQ9yZ6gB2B%2B0INClVlpkKXDlENLTD%2BzS%2BT1LiLVu10rIj%2F3JUUQ9OCAUchlA0quhY192QxNRnPmcs9NkF7ZgWCmUhd8RbLSPyzHkoJ5xNgvEkzPKc5f4WYByMeRBko0vJWhliAyuNTmoXkZY2GrBg4POU%2B4KHgl0%2BES%2F%2Bin%2BldKH0y%2Fmusl6E4iZN40Gf7hEsHpO1AjKbdo2Lo7E9%2BYPzWPldPJn9VzP%2B1DylJ1a9by3uWvZqGZtK5R%2FevKrM28KCdBARTuisf%2FL3UGaf&RelayState=cookie%3A1711023309_1d8a,0,0,88496
1711023298405,99607,HTTP Request - fidustest.skolverket,Non HTTP response code: java.net.SocketException,Thread Group 1-85,Test failed: code expected to contain /200/,55,55,https://idp-skolverket.dev.eduid.se/EduidSP/2021005208/sso/redirect?SAMLRequest=hZJLb4MwEIT%2FCvI9sTGQhxWQaFKpkdIWBdpDLxWBTWOF2NRr0vbfF0If6SW9rbTjbzSznmF%2BqGoRN3an1vDaAFrn%2FVApFKdFSBqjhM5RolD5AVDYQqTx7UrwIRO10VYXuiJOjAjGSq3mWmFzAJOCOcoCHtarkOysrVFQupVlg7Z1GOJeV0cwe2hHoOlObja6ArsbImra4TlN7tOMOItWLVXekX85sqwHZ4QSjkMoG1l2rOtuSBPKGXcZCzib0I5poJQGCkuc5SIkz3zbLiaBXzLXG4%2BnzA%2BmI49xti1GbOJ6o1aG2MBSoc2VDUlL8wfMG3A3c7lwfRFMnoiTfMW%2FkqqU6uVyV5tehOImy5JBn%2B4RDJ6StQISzbrGxcnYnN3gMjb%2FLp5E%2F9WMPzXP6JlV71uLu5a9XCS6ksWHE1eVfpsbyC2ExCU06p%2F8%2FSjRJw%3D%3D&RelayState=cookie%3A1711023298_ff9f,115,0,71
1711023298405,115,HTTP Request - fidustest.skolverket-0,302,Thread Group 1-85,,55,55,https://fidustest.skolverket.se/Shibboleth.sso/Login?target=https://fidustest.skolverket.se/secure&entityID=https://idp-skolverket.dev.eduid.se/2021005208,115,0,71
1711023298520,99492,HTTP Request - fidustest.skolverket-1,Non HTTP response code: java.net.SocketException,Thread Group 1-85,,55,55,https://idp-skolverket.dev.eduid.se/EduidSP/2021005208/sso/redirect?SAMLRequest=hZJLb4MwEIT%2FCvI9sTGQhxWQaFKpkdIWBdpDLxWBTWOF2NRr0vbfF0If6SW9rbTjbzSznmF%2BqGoRN3an1vDaAFrn%2FVApFKdFSBqjhM5RolD5AVDYQqTx7UrwIRO10VYXuiJOjAjGSq3mWmFzAJOCOcoCHtarkOysrVFQupVlg7Z1GOJeV0cwe2hHoOlObja6ArsbImra4TlN7tOMOItWLVXekX85sqwHZ4QSjkMoG1l2rOtuSBPKGXcZCzib0I5poJQGCkuc5SIkz3zbLiaBXzLXG4%2BnzA%2BmI49xti1GbOJ6o1aG2MBSoc2VDUlL8wfMG3A3c7lwfRFMnoiTfMW%2FkqqU6uVyV5tehOImy5JBn%2B4RDJ6StQISzbrGxcnYnN3gMjb%2FLp5E%2F9WMPzXP6JlV71uLu5a9XCS6ksWHE1eVfpsbyC2ExCU06p%2F8%2FSjRJw%3D%3D&RelayState=cookie%3A1711023298_ff9f,0,0,99492
1711023266907,131108,HTTP Request - fidustest.skolverket,Non HTTP response code: java.net.SocketException,Thread Group 1-22,Test failed: code expected to contain /200/,54,54,https://idp-skolverket.dev.eduid.se/EduidSP/2021005208/sso/redirect?SAMLRequest=hZJfT8IwFMW%2FytJ3aFcYw4YtmWAiCerC0AdfzLZepWG0s7dD%2FfZuzD%2F4gm83uae%2Fk3N6Z5jvq1okjdvqNbw2gM5731caxXERkcZqYXJUKHS%2BBxSuFFlysxJ8yERtjTOlqYiXIIJ1yui50djswWZgD6qE%2B%2FUqIlvnahSUPivZoGsdhrgz1QHsDtoRaLZVRWEqcNshoqEdntP0LtsQb9Gqlc478i9HyXpwQpBwGIJslOxYV92QpZQz7jMWcDalHdOCVBZKR7zlIiJPwWQcTgou5UUR8BEEEIZcTqYsDKEMGYStDLGBpUaXaxeRljYesNGA%2BxufC38sePhIvPQr%2FqXSUumX810VvQjF9WaTDvp0D2DxmKwVkHjWNS6OxvbkD85j8%2B%2FiSfxfzfhT84yeWPW%2Btbht2ctFaipVfnhJVZm3uYXcQUR8QuP%2Byd9DiT8B&RelayState=cookie%3A1711023267_0711,128,0,87
1711023266907,128,HTTP Request - fidustest.skolverket-0,302,Thread Group 1-22,,54,54,https://fidustest.skolverket.se/Shibboleth.sso/Login?target=https://fidustest.skolverket.se/secure&entityID=https://idp-skolverket.dev.eduid.se/2021005208,128,0,87
1711023267035,130980,HTTP Request - fidustest.skolverket-1,Non HTTP response code: java.net.SocketException,Thread Group 1-22,,54,54,https://idp-skolverket.dev.eduid.se/EduidSP/2021005208/sso/redirect?SAMLRequest=hZJfT8IwFMW%2FytJ3aFcYw4YtmWAiCerC0AdfzLZepWG0s7dD%2FfZuzD%2F4gm83uae%2Fk3N6Z5jvq1okjdvqNbw2gM5731caxXERkcZqYXJUKHS%2BBxSuFFlysxJ8yERtjTOlqYiXIIJ1yui50djswWZgD6qE%2B%2FUqIlvnahSUPivZoGsdhrgz1QHsDtoRaLZVRWEqcNshoqEdntP0LtsQb9Gqlc478i9HyXpwQpBwGIJslOxYV92QpZQz7jMWcDalHdOCVBZKR7zlIiJPwWQcTgou5UUR8BEEEIZcTqYsDKEMGYStDLGBpUaXaxeRljYesNGA%2BxufC38sePhIvPQr%2FqXSUumX810VvQjF9WaTDvp0D2DxmKwVkHjWNS6OxvbkD85j8%2B%2FiSfxfzfhT84yeWPW%2Btbht2ctFaipVfnhJVZm3uYXcQUR8QuP%2Byd9DiT8B&RelayState=cookie%3A1711023267_0711,0,0,130980
1711023260402,137613,HTTP Request - fidustest.skolverket,Non HTTP response code: java.net.SocketException,Thread Group 1-9,Test failed: code expected to contain /200/,53,53,https://idp-skolverket.dev.eduid.se/EduidSP/2021005208/sso/redirect?SAMLRequest=hZJfT4MwFMW%2FCuk7K3SIrBkkczNxyVQy0AdfTIE714y12Fumfnth%2BGe%2BzLeb3NPfyTm9UxT7uuGz1m7VGl5bQOu872uF%2FLiISWsU1wIlciX2gNyWPJvdrjgbebwx2upS18SZIYKxUqu5VtjuwWRgDrKEh%2FUqJltrG%2BSUbmTVou0cRrjT9QHMDroRaLaVRaFrsNsRoqY9ntH0PsuJs%2BjUUome%2FMuRVeOeECo4jKBqZdWzrvshSynzmO95F8yLaM80UEkDpSXOchGTZxZtJn44Fl4pQj8IIxZeFpOwKgJ%2FEl0GwbiTIbawVGiFsjHpaIHrjV3m5z7jfsCZ90Sc9Cv%2BlVSVVC%2FnuyoGEfKbPE%2FdId0jGDwm6wQkmfaN86OxOfmD81jxXTxJ%2FqsZf2qe0hOrwbfhdx17uUh1LcsPZ1bX%2Bm1uQFiIiU9oMjz5eyjJJw%3D%3D&RelayState=cookie%3A1711023260_56df,174,0,129
1711023260402,174,HTTP Request - fidustest.skolverket-0,302,Thread Group 1-9,,53,53,https://fidustest.skolverket.se/Shibboleth.sso/Login?target=https://fidustest.skolverket.se/secure&entityID=https://idp-skolverket.dev.eduid.se/2021005208,174,0,129
1711023260577,137438,HTTP Request - fidustest.skolverket-1,Non HTTP response code: java.net.SocketException,Thread Group 1-9,,53,53,https://idp-skolverket.dev.eduid.se/EduidSP/2021005208/sso/redirect?SAMLRequest=hZJfT4MwFMW%2FCuk7K3SIrBkkczNxyVQy0AdfTIE714y12Fumfnth%2BGe%2BzLeb3NPfyTm9UxT7uuGz1m7VGl5bQOu872uF%2FLiISWsU1wIlciX2gNyWPJvdrjgbebwx2upS18SZIYKxUqu5VtjuwWRgDrKEh%2FUqJltrG%2BSUbmTVou0cRrjT9QHMDroRaLaVRaFrsNsRoqY9ntH0PsuJs%2BjUUome%2FMuRVeOeECo4jKBqZdWzrvshSynzmO95F8yLaM80UEkDpSXOchGTZxZtJn44Fl4pQj8IIxZeFpOwKgJ%2FEl0GwbiTIbawVGiFsjHpaIHrjV3m5z7jfsCZ90Sc9Cv%2BlVSVVC%2FnuyoGEfKbPE%2FdId0jGDwm6wQkmfaN86OxOfmD81jxXTxJ%2FqsZf2qe0hOrwbfhdx17uUh1LcsPZ1bX%2Bm1uQFiIiU9oMjz5eyjJJw%3D%3D&RelayState=cookie%3A1711023260_56df,0,0,137438
1711023298907,99109,HTTP Request - fidustest.skolverket,Non HTTP response code: java.net.SocketException,Thread Group 1-86,Test failed: code expected to contain /200/,51,51,https://idp-skolverket.dev.eduid.se/EduidSP/2021005208/sso/redirect?SAMLRequest=hZJfT4MwFMW%2FCun7VugGjmaQ4GbikqlkTB98MQWu0gxa7C1Tv72w%2BWe%2BzLeb3NPfyTm9cxRN3fKks5XawGsHaJ33plbID4uIdEZxLVAiV6IB5LbgWXKz5mzs8tZoqwtdEydBBGOlVgutsGvAZGD2soD7zToilbUtckqfZdmh7R3GuNP1HswO%2BhFoVsk81zXYaoyo6YBnNL3LtsRZ9mqpxED%2B5ciyHZ0QStiPoexkObCuhiFLKXOZ57o%2Bc2d0YBoopYHCEme1jMiTCFjosQshwnA6mV3kQRAKLxCB75ZBwPxZL0PsYKXQCmUj0tOmI3cyYt7WY9ybcj98JE76Ff9SqlKql%2FNd5UcR8uvtNh0d0z2AwUOyXkDi%2BdA4Pxibkz84jxXfxZP4v5rxp%2BY5PbE6%2Brb8tmevlqmuZfHhJHWt3xYGhIWIeITGxyd%2FDyX%2BBA%3D%3D&RelayState=cookie%3A1711023299_cb08,127,0,77
1711023298907,127,HTTP Request - fidustest.skolverket-0,302,Thread Group 1-86,,51,51,https://fidustest.skolverket.se/Shibboleth.sso/Login?target=https://fidustest.skolverket.se/secure&entityID=https://idp-skolverket.dev.eduid.se/2021005208,127,0,77
1711023299034,98982,HTTP Request - fidustest.skolverket-1,Non HTTP response code: java.net.SocketException,Thread Group 1-86,,51,51,https://idp-skolverket.dev.eduid.se/EduidSP/2021005208/sso/redirect?SAMLRequest=hZJfT4MwFMW%2FCun7VugGjmaQ4GbikqlkTB98MQWu0gxa7C1Tv72w%2BWe%2BzLeb3NPfyTm9cxRN3fKks5XawGsHaJ33plbID4uIdEZxLVAiV6IB5LbgWXKz5mzs8tZoqwtdEydBBGOlVgutsGvAZGD2soD7zToilbUtckqfZdmh7R3GuNP1HswO%2BhFoVsk81zXYaoyo6YBnNL3LtsRZ9mqpxED%2B5ciyHZ0QStiPoexkObCuhiFLKXOZ57o%2Bc2d0YBoopYHCEme1jMiTCFjosQshwnA6mV3kQRAKLxCB75ZBwPxZL0PsYKXQCmUj0tOmI3cyYt7WY9ybcj98JE76Ff9SqlKql%2FNd5UcR8uvtNh0d0z2AwUOyXkDi%2BdA4Pxibkz84jxXfxZP4v5rxp%2BY5PbE6%2Brb8tmevlqmuZfHhJHWt3xYGhIWIeITGxyd%2FDyX%2BBA%3D%3D&RelayState=cookie%3A1711023299_cb08,0,0,98982
1711023278411,119606,HTTP Request - fidustest.skolverket,Non HTTP response code: java.net.SocketException,Thread Group 1-45,Test failed: code expected to contain /200/,51,51,https://idp-skolverket.dev.eduid.se/EduidSP/2021005208/sso/redirect?SAMLRequest=hZJfT4MwFMW%2FCun7KDAm2AwS3ExcMpUM9MEXw%2BidNIMWe8vUby8M%2F8yX%2BXaTe%2Fo7Oad3jkVTtyzpTCU38NoBGuu9qSWy4yIinZZMFSiQyaIBZKZkWXK7Zp7tsFYro0pVEytBBG2EkgslsWtAZ6APooSHzToilTEtMkp3gndoegcb96o%2BgN5DPwLNKrHdqhpMZSMqOuA9mt5nObGWvVrIYiD%2FcgRvJycEDgcbeCf4wLoehiylnuO5jjPznJAOTA1caCgNsVbLiDzPAj%2FcwWXoB6Hv7FzgYXDBAy9wSj%2BAgru9DLGDlURTSBORnuZPnOnEc3PXY67PppdPxEq%2F4l8JyYV8Od%2FVdhQhu8nzdDKmewSNx2S9gMTzoXF2NNYnf3AeW3wXT%2BL%2Fasafmuf0xGr0bdldz14tU1WL8sNK6lq9LTQUBiLiEhqPT%2F4eSvwJ&RelayState=cookie%3A1711023279_cc8d,1215,0,1164
1711023278411,1215,HTTP Request - fidustest.skolverket-0,302,Thread Group 1-45,,51,51,https://fidustest.skolverket.se/Shibboleth.sso/Login?target=https://fidustest.skolverket.se/secure&entityID=https://idp-skolverket.dev.eduid.se/2021005208,1215,0,1164
1711023279627,118390,HTTP Request - fidustest.skolverket-1,Non HTTP response code: java.net.SocketException,Thread Group 1-45,,51,51,https://idp-skolverket.dev.eduid.se/EduidSP/2021005208/sso/redirect?SAMLRequest=hZJfT4MwFMW%2FCun7KDAm2AwS3ExcMpUM9MEXw%2BidNIMWe8vUby8M%2F8yX%2BXaTe%2Fo7Oad3jkVTtyzpTCU38NoBGuu9qSWy4yIinZZMFSiQyaIBZKZkWXK7Zp7tsFYro0pVEytBBG2EkgslsWtAZ6APooSHzToilTEtMkp3gndoegcb96o%2BgN5DPwLNKrHdqhpMZSMqOuA9mt5nObGWvVrIYiD%2FcgRvJycEDgcbeCf4wLoehiylnuO5jjPznJAOTA1caCgNsVbLiDzPAj%2FcwWXoB6Hv7FzgYXDBAy9wSj%2BAgru9DLGDlURTSBORnuZPnOnEc3PXY67PppdPxEq%2F4l8JyYV8Od%2FVdhQhu8nzdDKmewSNx2S9gMTzoXF2NNYnf3AeW3wXT%2BL%2Fasafmuf0xGr0bdldz14tU1WL8sNK6lq9LTQUBiLiEhqPT%2F4eSvwJ&RelayState=cookie%3A1711023279_cc8d,0,0,118390
1711023322905,75108,HTTP Request - fidustest.skolverket,Non HTTP response code: java.net.SocketException,Thread Group 1-134,Test failed: code expected to contain /200/,50,50,https://idp-skolverket.dev.eduid.se/EduidSP/2021005208/sso/redirect?SAMLRequest=hZLdT8IwFMX%2FlaXv0LV8iA1bMsFEEtSFoQ%2B%2BmNJepGG0s7dD%2Fe%2FdwA98wbeb3NPfyTm9Y5S7shJZHTZ2Aa81YIjed6VFcVgkpPZWOIkGhZU7QBGUKLLbueDdWFTeBadcSaIMEXwwzk6cxXoHvgC%2FNwoeFvOEbEKoUFC6NrrG0Dh0cevKPfgtNCPQYmNWK1dC2HQRHW3xnOb3xZJE00ZtrGzJvxyjq84JQcO%2BC7o2umVdt0ORUx5zFscDHo9oy%2FSgjQcVSDSbJuRZXmh1odbQ1yM20mwkh4yt4VIOFVdKDgaNDLGGmcUgbUhIQ%2Bt34l6HsyXjgg0E7z2RKP%2BKf2WsNvblfFerowjFzXKZd47pHsHjIVkjIOm4bVwcjP3JH5zHyu%2FiSfpfzfhT85ieWB19K3HXsGfT3JVGfURZWbq3iQcZICGM0PT45O%2BhpJ8%3D&RelayState=cookie%3A1711023323_6591,192,0,139
1711023322905,192,HTTP Request - fidustest.skolverket-0,302,Thread Group 1-134,,50,50,https://fidustest.skolverket.se/Shibboleth.sso/Login?target=https://fidustest.skolverket.se/secure&entityID=https://idp-skolverket.dev.eduid.se/2021005208,192,0,139
1711023323098,74915,HTTP Request - fidustest.skolverket-1,Non HTTP response code: java.net.SocketException,Thread Group 1-134,,50,50,https://idp-skolverket.dev.eduid.se/EduidSP/2021005208/sso/redirect?SAMLRequest=hZLdT8IwFMX%2FlaXv0LV8iA1bMsFEEtSFoQ%2B%2BmNJepGG0s7dD%2Fe%2FdwA98wbeb3NPfyTm9Y5S7shJZHTZ2Aa81YIjed6VFcVgkpPZWOIkGhZU7QBGUKLLbueDdWFTeBadcSaIMEXwwzk6cxXoHvgC%2FNwoeFvOEbEKoUFC6NrrG0Dh0cevKPfgtNCPQYmNWK1dC2HQRHW3xnOb3xZJE00ZtrGzJvxyjq84JQcO%2BC7o2umVdt0ORUx5zFscDHo9oy%2FSgjQcVSDSbJuRZXmh1odbQ1yM20mwkh4yt4VIOFVdKDgaNDLGGmcUgbUhIQ%2Bt34l6HsyXjgg0E7z2RKP%2BKf2WsNvblfFerowjFzXKZd47pHsHjIVkjIOm4bVwcjP3JH5zHyu%2FiSfpfzfhT85ieWB19K3HXsGfT3JVGfURZWbq3iQcZICGM0PT45O%2BhpJ8%3D&RelayState=cookie%3A1711023323_6591,0,0,74915
1711023294903,103115,HTTP Request - fidustest.skolverket,Non HTTP response code: java.net.SocketException,Thread Group 1-78,Test failed: code expected to contain /200/,48,48,https://idp-skolverket.dev.eduid.se/EduidSP/2021005208/sso/redirect?SAMLRequest=hZJfT4MwFMW%2FCun7VmAwZzNIcDNxyVQy0AdfDJSLNIMWe8vUby8M%2F8yX%2BXaTe%2Fo7Oad3iVlTtyzqTCV38NoBGuu9qSWy4yIgnZZMZSiQyawBZIazJLrdMndqs1Yro7iqiRUhgjZCyZWS2DWgE9AHweFhtw1IZUyLjNJSFB2a3mGKe1UfQO%2BhH4EmlchzVYOppoiKDniXxvdJSqx1rxYyG8i%2FHFG0kxNCAYcpFJ0oBtb1MCQxdW3XsW3ftRd0YGoohAZuiLVZB%2BSZl7k3n0HhOTkHvnC80p8tLiCb80s%2FdxdlL0PsYCPRZNIEpKd5E3s2cZ3UcZnjMd9%2FIlb8Ff9KyELIl%2FNd5aMI2U2axpMx3SNoPCbrBSRcDo2zo7E%2B%2BYPz2Oy7eBL%2BVzP%2B1LykJ1ajb8vuevZmHata8A8rqmv1ttKQGQiIQ2g4Pvl7KOEn&RelayState=cookie%3A1711023295_694d,184,0,101
1711023294903,184,HTTP Request - fidustest.skolverket-0,302,Thread Group 1-78,,48,48,https://fidustest.skolverket.se/Shibboleth.sso/Login?target=https://fidustest.skolverket.se/secure&entityID=https://idp-skolverket.dev.eduid.se/2021005208,184,0,101
1711023295089,102929,HTTP Request - fidustest.skolverket-1,Non HTTP response code: java.net.SocketException,Thread Group 1-78,,48,48,https://idp-skolverket.dev.eduid.se/EduidSP/2021005208/sso/redirect?SAMLRequest=hZJfT4MwFMW%2FCun7VmAwZzNIcDNxyVQy0AdfDJSLNIMWe8vUby8M%2F8yX%2BXaTe%2Fo7Oad3iVlTtyzqTCV38NoBGuu9qSWy4yIgnZZMZSiQyawBZIazJLrdMndqs1Yro7iqiRUhgjZCyZWS2DWgE9AHweFhtw1IZUyLjNJSFB2a3mGKe1UfQO%2BhH4EmlchzVYOppoiKDniXxvdJSqx1rxYyG8i%2FHFG0kxNCAYcpFJ0oBtb1MCQxdW3XsW3ftRd0YGoohAZuiLVZB%2BSZl7k3n0HhOTkHvnC80p8tLiCb80s%2FdxdlL0PsYCPRZNIEpKd5E3s2cZ3UcZnjMd9%2FIlb8Ff9KyELIl%2FNd5aMI2U2axpMx3SNoPCbrBSRcDo2zo7E%2B%2BYPz2Oy7eBL%2BVzP%2B1LykJ1ajb8vuevZmHata8A8rqmv1ttKQGQiIQ2g4Pvl7KOEn&RelayState=cookie%3A1711023295_694d,0,0,102929
1711023267406,130611,HTTP Request - fidustest.skolverket,Non HTTP response code: java.net.SocketException,Thread Group 1-23,Test failed: code expected to contain /200/,48,48,https://idp-skolverket.dev.eduid.se/EduidSP/2021005208/sso/redirect?SAMLRequest=hZJfT4MwFMW%2FCuk7K3RMlmaQzM3EJVOJoA%2B%2BmELvXDPWYm%2BZ%2Bu2F4Z%2F5Mt9uck9%2FJ%2Bf0zlDs64bPW7fV9%2FDaAjrvfV9r5MdFQlqruRGokGuxB%2BSu4vn8Zs3ZKOCNNc5UpibeHBGsU0YvjMZ2DzYHe1AVPNyvE7J1rkFO6UbJFl3nMMKdqQ9gd9CNQPOtKktTg9uOEA3t8Yxmd3lBvGWnVlr05F%2BOko1%2FQpBwGIFslexZV%2F2QZ5QFLAyCCQumtGdakMpC5Yi3WibkOQ6qeBqxMJbReBOKsIwnQpbRBKoL2JSV6GSILaw0OqFdQjpa5Adjn4VFyHgYcRY%2FES%2F7in%2BptFT65XxX5SBCfl0UmT%2BkewSLx2SdgKSzvnF%2BNLYnf3AeK76LJ%2Bl%2FNeNPzTN6YjX4Nvy2Y6%2BWmalV9eHN69q8LSwIBwkJCU2HJ38PJf0E&RelayState=cookie%3A1711023267_cf0e,142,0,93
1711023267406,142,HTTP Request - fidustest.skolverket-0,302,Thread Group 1-23,,48,48,https://fidustest.skolverket.se/Shibboleth.sso/Login?target=https://fidustest.skolverket.se/secure&entityID=https://idp-skolverket.dev.eduid.se/2021005208,142,0,93
1711023267549,130468,HTTP Request - fidustest.skolverket-1,Non HTTP response code: java.net.SocketException,Thread Group 1-23,,48,48,https://idp-skolverket.dev.eduid.se/EduidSP/2021005208/sso/redirect?SAMLRequest=hZJfT4MwFMW%2FCuk7K3RMlmaQzM3EJVOJoA%2B%2BmELvXDPWYm%2BZ%2Bu2F4Z%2F5Mt9uck9%2FJ%2Bf0zlDs64bPW7fV9%2FDaAjrvfV9r5MdFQlqruRGokGuxB%2BSu4vn8Zs3ZKOCNNc5UpibeHBGsU0YvjMZ2DzYHe1AVPNyvE7J1rkFO6UbJFl3nMMKdqQ9gd9CNQPOtKktTg9uOEA3t8Yxmd3lBvGWnVlr05F%2BOko1%2FQpBwGIFslexZV%2F2QZ5QFLAyCCQumtGdakMpC5Yi3WibkOQ6qeBqxMJbReBOKsIwnQpbRBKoL2JSV6GSILaw0OqFdQjpa5Adjn4VFyHgYcRY%2FES%2F7in%2BptFT65XxX5SBCfl0UmT%2BkewSLx2SdgKSzvnF%2BNLYnf3AeK76LJ%2Bl%2FNeNPzTN6YjX4Nvy2Y6%2BWmalV9eHN69q8LSwIBwkJCU2HJ38PJf0E&RelayState=cookie%3A1711023267_cf0e,0,0,130468
1711023270409,127608,HTTP Request - fidustest.skolverket,Non HTTP response code: java.net.SocketException,Thread Group 1-29,Test failed: code expected to contain /200/,47,47,https://idp-skolverket.dev.eduid.se/EduidSP/2021005208/sso/redirect?SAMLRequest=hZJfT4MwFMW%2FCuk7FNgwsxlLcDNxyVQy0AdfTKF30gxa7C1Tv70w%2FDNf5ttN7unv5JzeOfKmblnS2Upt4bUDtM57Uytkx0VMOqOY5iiRKd4AMluyLLndsNDzWWu01aWuiZMggrFSq6VW2DVgMjAHWcLDdhOTytoWGaU7KTq0vYOHe10fwOyhH4FmlSwKXYOtPERNB3xI0%2FssJ86qV0vFB%2FIvR4rWPSEIOHggOikG1vUwZCkN%2FTDw%2FSj0Z3RgGhDSQGmJs17F5DkqgnJXQHAZTGf8QhRRKCI%2BE9GMR4LviqiXIXawVmi5sjHpaVPXn7hhkAchC6Zs4j8RJ%2F2KfyWVkOrlfFfFKEJ2k%2BepO6Z7BIPHZL2ALOZD4%2BxobE7%2B4DyWfxdPFv%2FVjD81z%2BmJ1ejbsruevV6lupblh5PUtX5bGuAWYhIQuhif%2FD2UxSc%3D&RelayState=cookie%3A1711023270_6db1,167,0,97
1711023270409,167,HTTP Request - fidustest.skolverket-0,302,Thread Group 1-29,,47,47,https://fidustest.skolverket.se/Shibboleth.sso/Login?target=https://fidustest.skolverket.se/secure&entityID=https://idp-skolverket.dev.eduid.se/2021005208,167,0,97
1711023270578,127439,HTTP Request - fidustest.skolverket-1,Non HTTP response code: java.net.SocketException,Thread Group 1-29,,47,47,https://idp-skolverket.dev.eduid.se/EduidSP/2021005208/sso/redirect?SAMLRequest=hZJfT4MwFMW%2FCuk7FNgwsxlLcDNxyVQy0AdfTKF30gxa7C1Tv70w%2FDNf5ttN7unv5JzeOfKmblnS2Upt4bUDtM57Uytkx0VMOqOY5iiRKd4AMluyLLndsNDzWWu01aWuiZMggrFSq6VW2DVgMjAHWcLDdhOTytoWGaU7KTq0vYOHe10fwOyhH4FmlSwKXYOtPERNB3xI0%2FssJ86qV0vFB%2FIvR4rWPSEIOHggOikG1vUwZCkN%2FTDw%2FSj0Z3RgGhDSQGmJs17F5DkqgnJXQHAZTGf8QhRRKCI%2BE9GMR4LviqiXIXawVmi5sjHpaVPXn7hhkAchC6Zs4j8RJ%2F2KfyWVkOrlfFfFKEJ2k%2BepO6Z7BIPHZL2ALOZD4%2BxobE7%2B4DyWfxdPFv%2FVjD81z%2BmJ1ejbsruevV6lupblh5PUtX5bGuAWYhIQuhif%2FD2UxSc%3D&RelayState=cookie%3A1711023270_6db1,0,0,127439
1711023303409,94608,HTTP Request - fidustest.skolverket,Non HTTP response code: java.net.SocketException,Thread Group 1-95,Test failed: code expected to contain /200/,45,45,https://idp-skolverket.dev.eduid.se/EduidSP/2021005208/sso/redirect?SAMLRequest=hZJfT8IwFMW%2FytJ3aFeYYMNIEEwkQV3Y9MEXU9aLa9ja2duhfns38A%2B%2B4NtN7unv5JzeCcqqrMWs8YVZw2sD6IP3qjQoDouYNM4IK1GjMLICFD4X6ex2JXifidpZb3NbkmCGCM5ra%2BbWYFOBS8HtdQ4P61VMCu9rFJRutWrQtw593NlyD24H7Qg0LfRmY0vwRR%2FR0g7PaXKfZiRYtGptZEf%2B5WhV904ICvZ9UI1WHeu6G9KEcsZDxiLOxrRjOlDaQe5JsFzE5DnnW64iqYa53KpRlIdKDhUbgxxdsOElG7UyxAaWBr00PiYtbdhjgx4Ps5CLMBJs8ESC5Cv%2BlTZKm5fzXW2OIhQ3WZb0jukeweEhWSsg00nXuDgYu5M%2FOI%2BV38WT6X8140%2FNE3pidfStxV3LXi4SW%2Br8I5iVpX2bO5AeYhISOj0%2B%2BXso008%3D&RelayState=cookie%3A1711023303_06fb,182,0,122
1711023303409,182,HTTP Request - fidustest.skolverket-0,302,Thread Group 1-95,,45,45,https://fidustest.skolverket.se/Shibboleth.sso/Login?target=https://fidustest.skolverket.se/secure&entityID=https://idp-skolverket.dev.eduid.se/2021005208,182,0,122
1711023303591,94426,HTTP Request - fidustest.skolverket-1,Non HTTP response code: java.net.SocketException,Thread Group 1-95,,45,45,https://idp-skolverket.dev.eduid.se/EduidSP/2021005208/sso/redirect?SAMLRequest=hZJfT8IwFMW%2FytJ3aFeYYMNIEEwkQV3Y9MEXU9aLa9ja2duhfns38A%2B%2B4NtN7unv5JzeCcqqrMWs8YVZw2sD6IP3qjQoDouYNM4IK1GjMLICFD4X6ex2JXifidpZb3NbkmCGCM5ra%2BbWYFOBS8HtdQ4P61VMCu9rFJRutWrQtw593NlyD24H7Qg0LfRmY0vwRR%2FR0g7PaXKfZiRYtGptZEf%2B5WhV904ICvZ9UI1WHeu6G9KEcsZDxiLOxrRjOlDaQe5JsFzE5DnnW64iqYa53KpRlIdKDhUbgxxdsOElG7UyxAaWBr00PiYtbdhjgx4Ps5CLMBJs8ESC5Cv%2BlTZKm5fzXW2OIhQ3WZb0jukeweEhWSsg00nXuDgYu5M%2FOI%2BV38WT6X8140%2FNE3pidfStxV3LXi4SW%2Br8I5iVpX2bO5AeYhISOj0%2B%2BXso008%3D&RelayState=cookie%3A1711023303_06fb,0,0,94426
1711023274909,123110,HTTP Request - fidustest.skolverket,Non HTTP response code: java.net.SocketException,Thread Group 1-38,Test failed: code expected to contain /200/,46,46,https://idp-skolverket.dev.eduid.se/EduidSP/2021005208/sso/redirect?SAMLRequest=hZLdT8IwFMX%2FlaXvrF1hYTSMZIKJJKgLmz74YvZxkYatnb0d6n%2FvxvzAF3y7TU9%2FJ%2BfczjGrq0ZErd2rLby2gNZ5ryuF4nQRktYooTOUKFRWAwpbiCS63QjuMtEYbXWhK%2BJEiGCs1GqpFbY1mATMURbwsN2EZG9tg4LSnSxbtJ2DiwddHcEcoBuBJnuZ57oCu3cRNe3xnMb3SUqcVaeWKuvJvxxZNqMzQglHF8pWlj3ruh%2BSmHLGPcZ8zgLaMw2U0kBhibNeheQZ8sBj09yf5hM%2BmQXM685B4Afl2J%2FxfMc6GWILa4U2UzYkHW0yYuMR91KPC28ixv4TceKv%2BFdSlVK9XO4qH0QobtI0Hg3pHsHgKVknIIt537g4GZuzHVzGZt%2FFk8V%2FNeNPzXN6ZjX4NuKuY69Xsa5k8eFEVaXflgYyCyHxCF0MT%2F5%2BlMUn&RelayState=cookie%3A1711023275_ecc3,263,0,227
1711023274909,263,HTTP Request - fidustest.skolverket-0,302,Thread Group 1-38,,46,46,https://fidustest.skolverket.se/Shibboleth.sso/Login?target=https://fidustest.skolverket.se/secure&entityID=https://idp-skolverket.dev.eduid.se/2021005208,263,0,227
1711023275175,122844,HTTP Request - fidustest.skolverket-1,Non HTTP response code: java.net.SocketException,Thread Group 1-38,,46,46,https://idp-skolverket.dev.eduid.se/EduidSP/2021005208/sso/redirect?SAMLRequest=hZLdT8IwFMX%2FlaXvrF1hYTSMZIKJJKgLmz74YvZxkYatnb0d6n%2FvxvzAF3y7TU9%2FJ%2BfczjGrq0ZErd2rLby2gNZ5ryuF4nQRktYooTOUKFRWAwpbiCS63QjuMtEYbXWhK%2BJEiGCs1GqpFbY1mATMURbwsN2EZG9tg4LSnSxbtJ2DiwddHcEcoBuBJnuZ57oCu3cRNe3xnMb3SUqcVaeWKuvJvxxZNqMzQglHF8pWlj3ruh%2BSmHLGPcZ8zgLaMw2U0kBhibNeheQZ8sBj09yf5hM%2BmQXM685B4Afl2J%2FxfMc6GWILa4U2UzYkHW0yYuMR91KPC28ixv4TceKv%2BFdSlVK9XO4qH0QobtI0Hg3pHsHgKVknIIt537g4GZuzHVzGZt%2FFk8V%2FNeNPzXN6ZjX4NuKuY69Xsa5k8eFEVaXflgYyCyHxCF0MT%2F5%2BlMUn&RelayState=cookie%3A1711023275_ecc3,0,0,122844
1711023287410,110609,HTTP Request - fidustest.skolverket,Non HTTP response code: java.net.SocketException,Thread Group 1-63,Test failed: code expected to contain /200/,45,45,https://idp-skolverket.dev.eduid.se/EduidSP/2021005208/sso/redirect?SAMLRequest=hZLdT4MwFMX%2FFdJ3VuggzGaQ4GbikqlkoA%2B%2BGD6u0gxa7C1T%2F3th%2BDFf5ttN7unv5JzeJeZt0%2FG4N7XcwWsPaKz3tpHIj4uQ9FpylaNALvMWkJuSp%2FHNlrOZwzutjCpVQ6wYEbQRSq6UxL4FnYI%2BiBLud9uQ1MZ0yCl9FlWPZnCY4V41B9B7GEagaS2KQjVg6hmioiOe0eQuzYi1HtRC5iP5lyOqzj4hVHCYQdWLamRdjUOaUOYw13F85izoyNRQCQ2lIdZmHZIn8Odl4c1ZyfzACcB1g0VwwfzKZyz3PNcfZIg9bCSaXJqQDDTPduY2czOXcdfjXvBIrOQr%2FqWQlZAv57sqJhHy6yxL7CndA2g8JhsEJFqOjfOjsT75g%2FPY%2FLt4Ev1XM%2F7UvKQnVpNvx28H9madqEaUH1bcNOptpSE3EBKX0Gh68vdQok8%3D&RelayState=cookie%3A1711023287_88af,150,0,103
1711023287410,150,HTTP Request - fidustest.skolverket-0,302,Thread Group 1-63,,45,45,https://fidustest.skolverket.se/Shibboleth.sso/Login?target=https://fidustest.skolverket.se/secure&entityID=https://idp-skolverket.dev.eduid.se/2021005208,150,0,103
1711023287560,110459,HTTP Request - fidustest.skolverket-1,Non HTTP response code: java.net.SocketException,Thread Group 1-63,,45,45,https://idp-skolverket.dev.eduid.se/EduidSP/2021005208/sso/redirect?SAMLRequest=hZLdT4MwFMX%2FFdJ3VuggzGaQ4GbikqlkoA%2B%2BGD6u0gxa7C1T%2F3th%2BDFf5ttN7unv5JzeJeZt0%2FG4N7XcwWsPaKz3tpHIj4uQ9FpylaNALvMWkJuSp%2FHNlrOZwzutjCpVQ6wYEbQRSq6UxL4FnYI%2BiBLud9uQ1MZ0yCl9FlWPZnCY4V41B9B7GEagaS2KQjVg6hmioiOe0eQuzYi1HtRC5iP5lyOqzj4hVHCYQdWLamRdjUOaUOYw13F85izoyNRQCQ2lIdZmHZIn8Odl4c1ZyfzACcB1g0VwwfzKZyz3PNcfZIg9bCSaXJqQDDTPduY2czOXcdfjXvBIrOQr%2FqWQlZAv57sqJhHy6yxL7CndA2g8JhsEJFqOjfOjsT75g%2FPY%2FLt4Ev1XM%2F7UvKQnVpNvx28H9madqEaUH1bcNOptpSE3EBKX0Gh68vdQok8%3D&RelayState=cookie%3A1711023287_88af,0,0,110459
1711023335407,62608,HTTP Request - fidustest.skolverket,Non HTTP response code: java.net.SocketException,Thread Group 1-159,Test failed: code expected to contain /200/,45,45,https://idp-skolverket.dev.eduid.se/EduidSP/2021005208/sso/redirect?SAMLRequest=hZJLT8MwEIT%2FSuR7asdJILWaSqFFohKPqAkcuKA8FmI1tYPXKfDvSVoe5VJuK%2B34G814Z1hs204kvW3UGl57QOu8b1uFYr%2BISW%2BU0AVKFKrYAgpbiSy5uRZ8wkRntNWVbomTIIKxUquFVthvwWRgdrKC%2B%2FV1TBprOxSUPsu6Rzs4THCj2x2YDQwj0KyRZalbsM0EUdMRz2l6l%2BXEWQ5qqYqR%2FMuRdeceEWrYTaDuZT2yLschSyln3GMs5CyiI9NALQ1UljirZUyeIAzOgFWMw3kY%2BWEwDRlwKFjAppEfldNBhtjDSqEtlI3JQAtc5rvcyz0uvFD44SNx0q%2F4F1LVUr2c7qo8iFBc5XnqHtI9gMF9skFA5rOxcbE3Nkd%2FcBpbfBdP5v%2FVjD81z%2BiR1cG3E7cDe7VMdSurDydpW%2F22MFBYiIlH6Pzw5O%2BhzD8B&RelayState=cookie%3A1711023335_17c5,180,0,111
1711023335407,180,HTTP Request - fidustest.skolverket-0,302,Thread Group 1-159,,45,45,https://fidustest.skolverket.se/Shibboleth.sso/Login?target=https://fidustest.skolverket.se/secure&entityID=https://idp-skolverket.dev.eduid.se/2021005208,180,0,111
1711023335589,62426,HTTP Request - fidustest.skolverket-1,Non HTTP response code: java.net.SocketException,Thread Group 1-159,,45,45,https://idp-skolverket.dev.eduid.se/EduidSP/2021005208/sso/redirect?SAMLRequest=hZJLT8MwEIT%2FSuR7asdJILWaSqFFohKPqAkcuKA8FmI1tYPXKfDvSVoe5VJuK%2B34G814Z1hs204kvW3UGl57QOu8b1uFYr%2BISW%2BU0AVKFKrYAgpbiSy5uRZ8wkRntNWVbomTIIKxUquFVthvwWRgdrKC%2B%2FV1TBprOxSUPsu6Rzs4THCj2x2YDQwj0KyRZalbsM0EUdMRz2l6l%2BXEWQ5qqYqR%2FMuRdeceEWrYTaDuZT2yLschSyln3GMs5CyiI9NALQ1UljirZUyeIAzOgFWMw3kY%2BWEwDRlwKFjAppEfldNBhtjDSqEtlI3JQAtc5rvcyz0uvFD44SNx0q%2F4F1LVUr2c7qo8iFBc5XnqHtI9gMF9skFA5rOxcbE3Nkd%2FcBpbfBdP5v%2FVjD81z%2BiR1cG3E7cDe7VMdSurDydpW%2F22MFBYiIlH6Pzw5O%2BhzD8B&RelayState=cookie%3A1711023335_17c5,0,0,62425
1711023291910,106109,HTTP Request - fidustest.skolverket,Non HTTP response code: java.net.SocketException,Thread Group 1-72,Test failed: code expected to contain /200/,44,44,https://idp-skolverket.dev.eduid.se/EduidSP/2021005208/sso/redirect?SAMLRequest=hZJfT8IwFMW%2FytJ3aFdAsGFLJphIgrqw6YMvptvupGG0s7dD%2FfZuzD%2F4gm83uae%2Fk3N65yj3VS2ixm31Bl4bQOe97yuN4rgISGO1MBIVCi33gMLlIolu14IPmaitcSY3FfEiRLBOGb0wGps92ATsQeXwsFkHZOtcjYLSUhUNutZhiDtTHcDuoB2BJluVZaYCtx0iGtrhOY3vk5R4y1attOzIvxxV1IMTQgGHIRSNKjrWdTckMeWM%2B4xNOJvRjmmhUBZyR7zVMiDP2ZhNi9FsNC3LaZ7zjJfygkE2uyyBwawsWxliAyuNTmoXkJY2HrDRgPupz4U%2FFhP%2BRLz4K%2F6V0oXSL%2Be7ynoRips0jQd9ukeweEzWCkg47xoXR2N78gfnsfK7eBL%2BVzP%2B1DynJ1a9by3uWvZqGZtK5R9eVFXmbWFBOgiIT2jYP%2Fl7KOEn&RelayState=cookie%3A1711023292_5763,151,0,111
1711023291910,151,HTTP Request - fidustest.skolverket-0,302,Thread Group 1-72,,44,44,https://fidustest.skolverket.se/Shibboleth.sso/Login?target=https://fidustest.skolverket.se/secure&entityID=https://idp-skolverket.dev.eduid.se/2021005208,151,0,111
1711023292062,105957,HTTP Request - fidustest.skolverket-1,Non HTTP response code: java.net.SocketException,Thread Group 1-72,,44,44,https://idp-skolverket.dev.eduid.se/EduidSP/2021005208/sso/redirect?SAMLRequest=hZJfT8IwFMW%2FytJ3aFdAsGFLJphIgrqw6YMvptvupGG0s7dD%2FfZuzD%2F4gm83uae%2Fk3N65yj3VS2ixm31Bl4bQOe97yuN4rgISGO1MBIVCi33gMLlIolu14IPmaitcSY3FfEiRLBOGb0wGps92ATsQeXwsFkHZOtcjYLSUhUNutZhiDtTHcDuoB2BJluVZaYCtx0iGtrhOY3vk5R4y1attOzIvxxV1IMTQgGHIRSNKjrWdTckMeWM%2B4xNOJvRjmmhUBZyR7zVMiDP2ZhNi9FsNC3LaZ7zjJfygkE2uyyBwawsWxliAyuNTmoXkJY2HrDRgPupz4U%2FFhP%2BRLz4K%2F6V0oXSL%2Be7ynoRips0jQd9ukeweEzWCkg47xoXR2N78gfnsfK7eBL%2BVzP%2B1DynJ1a9by3uWvZqGZtK5R9eVFXmbWFBOgiIT2jYP%2Fl7KOEn&RelayState=cookie%3A1711023292_5763,0,0,105957
1711023353904,44111,HTTP Request - fidustest.skolverket,Non HTTP response code: java.net.SocketException,Thread Group 1-196,Test failed: code expected to contain /200/,41,41,https://idp-skolverket.dev.eduid.se/EduidSP/2021005208/sso/redirect?SAMLRequest=hZJfT4MwFMW%2FCun7KLARt2Yswc3EJVOJoA%2B%2BmEIv0gxa7C1Tv70w%2FDNf5ttN7unv5JzeJfKmblnc2Urdw2sHaJ33plbIjouIdEYxzVEiU7wBZLZgaXyzY4HrsdZoqwtdEydGBGOlVmutsGvApGAOsoCH%2B11EKmtbZJSWUnRoewcX97o%2BgNlDPwJNK5nnugZbuYiaDviAJndpRpxNr5aKD%2BRfjhTt5IQg4OCC6KQYWFfDkCY08ALf88LAm9OBaUBIA4UlznYTkec5L4QXCn8B02kOouRczBdl6eXgzy%2F8xayXIXawVWi5shHpabOJN50EfuYHzA9ZOHsiTvIV%2F1IqIdXL%2Ba7yUYTsOsuSyZjuEQwek%2FUCsloOjbOjsTn5g%2FNY%2Fl08Wf1XM%2F7UvKQnVqNvy2579naT6FoWH05c1%2FptbYBbiIhP6Gp88vdQVp8%3D&RelayState=cookie%3A1711023354_8239,160,0,79
1711023353904,161,HTTP Request - fidustest.skolverket-0,302,Thread Group 1-196,,41,41,https://fidustest.skolverket.se/Shibboleth.sso/Login?target=https://fidustest.skolverket.se/secure&entityID=https://idp-skolverket.dev.eduid.se/2021005208,160,0,79
1711023354066,43949,HTTP Request - fidustest.skolverket-1,Non HTTP response code: java.net.SocketException,Thread Group 1-196,,41,41,https://idp-skolverket.dev.eduid.se/EduidSP/2021005208/sso/redirect?SAMLRequest=hZJfT4MwFMW%2FCun7KLARt2Yswc3EJVOJoA%2B%2BmEIv0gxa7C1Tv70w%2FDNf5ttN7unv5JzeJfKmblnc2Urdw2sHaJ33plbIjouIdEYxzVEiU7wBZLZgaXyzY4HrsdZoqwtdEydGBGOlVmutsGvApGAOsoCH%2B11EKmtbZJSWUnRoewcX97o%2BgNlDPwJNK5nnugZbuYiaDviAJndpRpxNr5aKD%2BRfjhTt5IQg4OCC6KQYWFfDkCY08ALf88LAm9OBaUBIA4UlznYTkec5L4QXCn8B02kOouRczBdl6eXgzy%2F8xayXIXawVWi5shHpabOJN50EfuYHzA9ZOHsiTvIV%2F1IqIdXL%2Ba7yUYTsOsuSyZjuEQwek%2FUCsloOjbOjsTn5g%2FNY%2Fl08Wf1XM%2F7UvKQnVqNvy2579naT6FoWH05c1%2FptbYBbiIhP6Gp88vdQVp8%3D&RelayState=cookie%3A1711023354_8239,0,0,43949
1711023282908,115112,HTTP Request - fidustest.skolverket,Non HTTP response code: java.net.SocketException,Thread Group 1-54,Test failed: code expected to contain /200/,41,41,https://idp-skolverket.dev.eduid.se/EduidSP/2021005208/sso/redirect?SAMLRequest=hZJfT4MwFMW%2FCun7VgrbxGaQ4GbikqlkTB98MQXupBm02Fumfnth%2BGe%2BzLeb3NPfyTm9cxR11fC4taXawGsLaJ33ulLIj4uQtEZxLVAiV6IG5DbnaXy75t7Y5Y3RVue6Ik6MCMZKrRZaYVuDScEcZA4Pm3VISmsb5JTuZNGi7RzGuNfVAcweuhFoWsos0xXYcoyoaY%2F3aHKfbomz7NRSiZ78y5FFMzohFHAYQ9HKomdd90OaUM%2F1mOtOPTegPdNAIQ3kljirZUie3Xw682dsN%2FOZCFjAMnEpguIiFy6DIIBJJ0NsYaXQCmVD0tEmI9cfeWzLPM4mfOI%2FESf5in8lVSHVy%2FmuskGE%2FGa7TUZDukcweEzWCUg07xvnR2Nz8gfnseK7eBL9VzP%2B1DynJ1aDb8PvOvZqmehK5h9OXFX6bWFAWAgJIzQanvw9lOgT&RelayState=cookie%3A1711023283_a6f8,144,0,111
1711023282908,144,HTTP Request - fidustest.skolverket-0,302,Thread Group 1-54,,41,41,https://fidustest.skolverket.se/Shibboleth.sso/Login?target=https://fidustest.skolverket.se/secure&entityID=https://idp-skolverket.dev.eduid.se/2021005208,144,0,111
1711023283052,114968,HTTP Request - fidustest.skolverket-1,Non HTTP response code: java.net.SocketException,Thread Group 1-54,,41,41,https://idp-skolverket.dev.eduid.se/EduidSP/2021005208/sso/redirect?SAMLRequest=hZJfT4MwFMW%2FCun7VgrbxGaQ4GbikqlkTB98MQXupBm02Fumfnth%2BGe%2BzLeb3NPfyTm9cxR11fC4taXawGsLaJ33ulLIj4uQtEZxLVAiV6IG5DbnaXy75t7Y5Y3RVue6Ik6MCMZKrRZaYVuDScEcZA4Pm3VISmsb5JTuZNGi7RzGuNfVAcweuhFoWsos0xXYcoyoaY%2F3aHKfbomz7NRSiZ78y5FFMzohFHAYQ9HKomdd90OaUM%2F1mOtOPTegPdNAIQ3kljirZUie3Xw682dsN%2FOZCFjAMnEpguIiFy6DIIBJJ0NsYaXQCmVD0tEmI9cfeWzLPM4mfOI%2FESf5in8lVSHVy%2FmuskGE%2FGa7TUZDukcweEzWCUg07xvnR2Nz8gfnseK7eBL9VzP%2B1DynJ1aDb8PvOvZqmehK5h9OXFX6bWFAWAgJIzQanvw9lOgT&RelayState=cookie%3A1711023283_a6f8,0,0,114968
1711023262906,135113,HTTP Request - fidustest.skolverket,Non HTTP response code: java.net.SocketException,Thread Group 1-14,Test failed: code expected to contain /200/,40,40,https://idp-skolverket.dev.eduid.se/EduidSP/2021005208/sso/redirect?SAMLRequest=hZJfT8IwFMW%2FytJ31q0bgg0jQTCRBHVh0wdfTFkv0rC1s7dD%2FfZuzD%2F4gm83uae%2Fk3N6Jyiqsuazxu30Gl4bQOe9V6VGflwkpLGaG4EKuRYVIHcFz2a3K878gNfWOFOYkngzRLBOGT03GpsKbAb2oAp4WK8SsnOuRk7pVskGXevg496UB7B7aEeg2U5tNqYEt%2FMRDe3wjKb3WU68RatWWnTkX46S9eCEIOHgg2yU7FjX3ZCllAUsDIIhC8a0Y1qQykLhiLdcJORZXshRHBciDqWMtoEYbuXl5WYcRxGEYsSCVobYwFKjE9olpKXFgyAasDAPGQ9jzqIn4qVf8a%2BUlkq%2FnO9q04uQ3%2BR5OujTPYLFY7JWQKaTrnF%2BNLYnf3AeK76LJ9P%2Fasafmif0xKr3rfldy14uUlOq4sOblaV5m1sQDhISEjrtn%2Fw9lOkn&RelayState=cookie%3A1711023263_5426,233,0,178
1711023262906,233,HTTP Request - fidustest.skolverket-0,302,Thread Group 1-14,,40,40,https://fidustest.skolverket.se/Shibboleth.sso/Login?target=https://fidustest.skolverket.se/secure&entityID=https://idp-skolverket.dev.eduid.se/2021005208,233,0,178
1711023263139,134880,HTTP Request - fidustest.skolverket-1,Non HTTP response code: java.net.SocketException,Thread Group 1-14,,40,40,https://idp-skolverket.dev.eduid.se/EduidSP/2021005208/sso/redirect?SAMLRequest=hZJfT8IwFMW%2FytJ31q0bgg0jQTCRBHVh0wdfTFkv0rC1s7dD%2FfZuzD%2F4gm83uae%2Fk3N6Jyiqsuazxu30Gl4bQOe9V6VGflwkpLGaG4EKuRYVIHcFz2a3K878gNfWOFOYkngzRLBOGT03GpsKbAb2oAp4WK8SsnOuRk7pVskGXevg496UB7B7aEeg2U5tNqYEt%2FMRDe3wjKb3WU68RatWWnTkX46S9eCEIOHgg2yU7FjX3ZCllAUsDIIhC8a0Y1qQykLhiLdcJORZXshRHBciDqWMtoEYbuXl5WYcRxGEYsSCVobYwFKjE9olpKXFgyAasDAPGQ9jzqIn4qVf8a%2BUlkq%2FnO9q04uQ3%2BR5OujTPYLFY7JWQKaTrnF%2BNLYnf3AeK76LJ9P%2Fasafmif0xKr3rfldy14uUlOq4sOblaV5m1sQDhISEjrtn%2Fw9lOkn&RelayState=cookie%3A1711023263_5426,0,0,134880
1711023351408,46608,HTTP Request - fidustest.skolverket,Non HTTP response code: java.net.SocketException,Thread Group 1-191,Test failed: code expected to contain /200/,39,39,https://idp-skolverket.dev.eduid.se/EduidSP/2021005208/sso/redirect?SAMLRequest=hZLdT4MwFMX%2FFdL30RackmaQ4GbikqlE0AdfDB930gxa7C1T%2F3th%2BDFf5ttN7unv5JzeBeZt04m4t7W6h9ce0DrvbaNQHBYh6Y0SOkeJQuUtoLClSOObjfBcJjqjrS51Q5wYEYyVWi21wr4Fk4LZyxIe7jchqa3tUFC6lVWPdnBwcaebPZgdDCPQtJZFoRuwtYuo6Yj3aHKXZsRZDWqp8pH8y5FVNzsiVLB3oeplNbKuxiFNqMc8ztjcYwEdmQYqaaC0xFmvQvJcBYz55z5c8BLYloPPmc%2BLwi8CzgPfDwYZYg9rhTZXNiQD7WzG%2FJnHM%2B4JPhdz%2FkSc5Cv%2BpVSVVC%2BnuyomEYrrLEtmU7pHMHhINghItBgbFwdjc%2FQHp7H5d%2FEk%2Bq9m%2FKl5QY%2BsJt9O3A7s9SrRjSw%2FnLhp9NvSQG4hJJzQaHry91CiTw%3D%3D&RelayState=cookie%3A1711023351_849e,150,0,112
1711023351408,150,HTTP Request - fidustest.skolverket-0,302,Thread Group 1-191,,39,39,https://fidustest.skolverket.se/Shibboleth.sso/Login?target=https://fidustest.skolverket.se/secure&entityID=https://idp-skolverket.dev.eduid.se/2021005208,150,0,112
1711023351560,46456,HTTP Request - fidustest.skolverket-1,Non HTTP response code: java.net.SocketException,Thread Group 1-191,,39,39,https://idp-skolverket.dev.eduid.se/EduidSP/2021005208/sso/redirect?SAMLRequest=hZLdT4MwFMX%2FFdL30RackmaQ4GbikqlE0AdfDB930gxa7C1T%2F3th%2BDFf5ttN7unv5JzeBeZt04m4t7W6h9ce0DrvbaNQHBYh6Y0SOkeJQuUtoLClSOObjfBcJjqjrS51Q5wYEYyVWi21wr4Fk4LZyxIe7jchqa3tUFC6lVWPdnBwcaebPZgdDCPQtJZFoRuwtYuo6Yj3aHKXZsRZDWqp8pH8y5FVNzsiVLB3oeplNbKuxiFNqMc8ztjcYwEdmQYqaaC0xFmvQvJcBYz55z5c8BLYloPPmc%2BLwi8CzgPfDwYZYg9rhTZXNiQD7WzG%2FJnHM%2B4JPhdz%2FkSc5Cv%2BpVSVVC%2BnuyomEYrrLEtmU7pHMHhINghItBgbFwdjc%2FQHp7H5d%2FEk%2Bq9m%2FKl5QY%2BsJt9O3A7s9SrRjSw%2FnLhp9NvSQG4hJJzQaHry91CiTw%3D%3D&RelayState=cookie%3A1711023351_849e,0,0,46456
1711023269405,128615,HTTP Request - fidustest.skolverket,Non HTTP response code: java.net.SocketException,Thread Group 1-27,Test failed: code expected to contain /200/,38,38,https://idp-skolverket.dev.eduid.se/EduidSP/2021005208/sso/redirect?SAMLRequest=hZJLT8MwEIT%2FSuR7Ysd9hFpNpdIiUalA1BQOXJCbLNSqawevU%2BDfkzQ8yqXcVtrxN5rxjlHudSWmtd%2BaFbzWgD5432uD4rhISe2MsBIVCiP3gMIXIp%2FeLAWPmKic9bawmgRTRHBeWTOzBus9uBzcQRVwv1qmZOt9hYLSZ1XW6BuHCHdWH8DtoBmB5lu12VgNfhshWtriOc3u8jUJ5o1aGdmSfzmqrMITQgmHCMpalS3rqh3yjHLGY8YGnF3QlumgVA4KT4LFPCVPo2SUbHoDNriQMOyN%2BCBmSZHwIU9izgrZa2SINSwMeml8ShpaP2S9kMfrmIu4L%2FjokQTZV%2FxLZUplXs53telEKK7X6yzs0j2Aw2OyRkAm47ZxcTR2J39wHiu%2FiyeT%2F2rGn5rH9MSq863EbcNezDOrVfERTLW2bzMH0kNKYkIn3ZO%2FhzL5BA%3D%3D&RelayState=cookie%3A1711023269_3d95,189,0,131
1711023269405,189,HTTP Request - fidustest.skolverket-0,302,Thread Group 1-27,,38,38,https://fidustest.skolverket.se/Shibboleth.sso/Login?target=https://fidustest.skolverket.se/secure&entityID=https://idp-skolverket.dev.eduid.se/2021005208,189,0,131
1711023269596,128424,HTTP Request - fidustest.skolverket-1,Non HTTP response code: java.net.SocketException,Thread Group 1-27,,38,38,https://idp-skolverket.dev.eduid.se/EduidSP/2021005208/sso/redirect?SAMLRequest=hZJLT8MwEIT%2FSuR7Ysd9hFpNpdIiUalA1BQOXJCbLNSqawevU%2BDfkzQ8yqXcVtrxN5rxjlHudSWmtd%2BaFbzWgD5432uD4rhISe2MsBIVCiP3gMIXIp%2FeLAWPmKic9bawmgRTRHBeWTOzBus9uBzcQRVwv1qmZOt9hYLSZ1XW6BuHCHdWH8DtoBmB5lu12VgNfhshWtriOc3u8jUJ5o1aGdmSfzmqrMITQgmHCMpalS3rqh3yjHLGY8YGnF3QlumgVA4KT4LFPCVPo2SUbHoDNriQMOyN%2BCBmSZHwIU9izgrZa2SINSwMeml8ShpaP2S9kMfrmIu4L%2FjokQTZV%2FxLZUplXs53telEKK7X6yzs0j2Aw2OyRkAm47ZxcTR2J39wHiu%2FiyeT%2F2rGn5rH9MSq863EbcNezDOrVfERTLW2bzMH0kNKYkIn3ZO%2FhzL5BA%3D%3D&RelayState=cookie%3A1711023269_3d95,0,0,128424
1711023269907,128113,HTTP Request - fidustest.skolverket,Non HTTP response code: java.net.SocketException,Thread Group 1-28,Test failed: code expected to contain /200/,35,35,https://idp-skolverket.dev.eduid.se/EduidSP/2021005208/sso/redirect?SAMLRequest=hZJfT4MwFMW%2FCuk7K5RtMc1YMjcTl0wlgj74Ygq9SDNosbdM%2FfbC8M98mW837env5JzbBYqmbvmqc5W%2Bh9cO0HnvTa2RHy9i0lnNjUCFXIsGkLuCp6ubHWeTgLfWOFOYmngrRLBOGb02GrsGbAr2oAp4uN%2FFpHKuRU5pqWSHrneY4N7UB7B76EegaaXy3NTgqgmioQOe0eQuzYi36dVKi4H8y1Gy9U8IEg4TkJ2SA%2BtqGNKEsoCFQTBjwQUdmBakslA44m03MXme5TCblhETUSRkFMI8z2XRH0TzqGRQil6G2MFWoxPaxaSnTf0g8lmYhYyHUx4FT8RLvuJfKi2VfjnfVT6KkF9nWeKP6R7B4jFZLyDLxdA4Pxrbkx2cx4rv4snyv5rxp%2BYFPbEafVt%2B27O3m8TUqvjwVnVt3tYWhIOYhIQuxyd%2FP8ryEw%3D%3D&RelayState=cookie%3A1711023270_b593,136,0,94
1711023269907,136,HTTP Request - fidustest.skolverket-0,302,Thread Group 1-28,,35,35,https://fidustest.skolverket.se/Shibboleth.sso/Login?target=https://fidustest.skolverket.se/secure&entityID=https://idp-skolverket.dev.eduid.se/2021005208,136,0,94
1711023326408,71609,HTTP Request - fidustest.skolverket,Non HTTP response code: java.net.SocketException,Thread Group 1-141,Test failed: code expected to contain /200/,35,35,https://idp-skolverket.dev.eduid.se/EduidSP/2021005208/sso/redirect?SAMLRequest=hZJLb4MwEIT%2FCvI9MZg8rYBEk0qNlLYo0B56qQjeFCtgU69J239fCH2kl%2FS20o6%2F0Yx3gVlV1jxqbKG28NoAWue9KhXy0yIgjVFcZyiRq6wC5DbnSXS74Wzo8tpoq3NdEidCBGOlVkutsKnAJGCOMoeH7SYghbU1ckr3UjRoW4chHnR5BHOAdgSaFHK30yXYYoioaYdnNL5PUuKsWrVUWUf%2B5UhRD84IAo5DEI0UHeu6G5KYMpd5rjtm7ox2TANCGsgtcdargDzP%2FSmMZ77I5r4v9uADm0z3%2Bcib5rkrJlPWyhAbWCu0mbIBaWmjgesPmJd6jHtjziZPxIm%2F4l9JJaR6udzVrhchv0nTeNCnewSDp2StgISLrnF%2BMjZnf3AZm30XT8L%2Fasafmhf0zKr3rfldy16vYl3K%2FMOJylK%2FLQ1kFgLiERr2T%2F4eSvgJ&RelayState=cookie%3A1711023326_efcf,165,0,119
1711023270044,127976,HTTP Request - fidustest.skolverket-1,Non HTTP response code: java.net.SocketException,Thread Group 1-28,,35,35,https://idp-skolverket.dev.eduid.se/EduidSP/2021005208/sso/redirect?SAMLRequest=hZJfT4MwFMW%2FCuk7K5RtMc1YMjcTl0wlgj74Ygq9SDNosbdM%2FfbC8M98mW837env5JzbBYqmbvmqc5W%2Bh9cO0HnvTa2RHy9i0lnNjUCFXIsGkLuCp6ubHWeTgLfWOFOYmngrRLBOGb02GrsGbAr2oAp4uN%2FFpHKuRU5pqWSHrneY4N7UB7B76EegaaXy3NTgqgmioQOe0eQuzYi36dVKi4H8y1Gy9U8IEg4TkJ2SA%2BtqGNKEsoCFQTBjwQUdmBakslA44m03MXme5TCblhETUSRkFMI8z2XRH0TzqGRQil6G2MFWoxPaxaSnTf0g8lmYhYyHUx4FT8RLvuJfKi2VfjnfVT6KkF9nWeKP6R7B4jFZLyDLxdA4Pxrbkx2cx4rv4snyv5rxp%2BYFPbEafVt%2B27O3m8TUqvjwVnVt3tYWhIOYhIQuxyd%2FP8ryEw%3D%3D&RelayState=cookie%3A1711023270_b593,0,0,127976
1711023326408,165,HTTP Request - fidustest.skolverket-0,302,Thread Group 1-141,,35,35,https://fidustest.skolverket.se/Shibboleth.sso/Login?target=https://fidustest.skolverket.se/secure&entityID=https://idp-skolverket.dev.eduid.se/2021005208,165,0,119
1711023326576,71441,HTTP Request - fidustest.skolverket-1,Non HTTP response code: java.net.SocketException,Thread Group 1-141,,35,35,https://idp-skolverket.dev.eduid.se/EduidSP/2021005208/sso/redirect?SAMLRequest=hZJLb4MwEIT%2FCvI9MZg8rYBEk0qNlLYo0B56qQjeFCtgU69J239fCH2kl%2FS20o6%2F0Yx3gVlV1jxqbKG28NoAWue9KhXy0yIgjVFcZyiRq6wC5DbnSXS74Wzo8tpoq3NdEidCBGOlVkutsKnAJGCOMoeH7SYghbU1ckr3UjRoW4chHnR5BHOAdgSaFHK30yXYYoioaYdnNL5PUuKsWrVUWUf%2B5UhRD84IAo5DEI0UHeu6G5KYMpd5rjtm7ox2TANCGsgtcdargDzP%2FSmMZ77I5r4v9uADm0z3%2Bcib5rkrJlPWyhAbWCu0mbIBaWmjgesPmJd6jHtjziZPxIm%2F4l9JJaR6udzVrhchv0nTeNCnewSDp2StgISLrnF%2BMjZnf3AZm30XT8L%2Fasafmhf0zKr3rfldy16vYl3K%2FMOJylK%2FLQ1kFgLiERr2T%2F4eSvgJ&RelayState=cookie%3A1711023326_efcf,0,0,71441
1711023331908,66109,HTTP Request - fidustest.skolverket,Non HTTP response code: java.net.SocketException,Thread Group 1-152,Test failed: code expected to contain /200/,35,35,https://idp-skolverket.dev.eduid.se/EduidSP/2021005208/sso/redirect?SAMLRequest=hZJfT8IwFMW%2FytJ3aNcBwYaRTDCRBHVx6IMvpusurmG0s7dD%2FfZuzD%2F4gm83uae%2Fk3N6Zyj3VS2SxpfmHl4bQB%2B87yuD4riISeOMsBI1CiP3gMIrkSU3a8GHTNTOeqtsRYIEEZzX1iyswWYPLgN30Aoe7tcxKb2vUVC61UWDvnUY4s5WB3A7aEegWanz3FbgyyGipR2e0%2FQu25Bg2aq1kR35l6OLenBCKOAwhKLRRce66oYspZzxkLExZ1PaMR0U2oHyJFgtY%2FKsWKQkTCSfMsjZJB9dqPFkKrejKNqyaaFaGWIDK4NeGh%2BTljYasGjAw03IRTgWEX8iQfoV%2F1KbQpuX813lvQjF9WaTDvp0j%2BDwmKwVkPmsa1wcjd3JH5zHyu%2Fiyfy%2FmvGn5hk9sep9a3HbslfL1FZafQRJVdm3hQPpISYhofP%2Byd9DmX8C&RelayState=cookie%3A1711023332_d44c,188,0,110
1711023331908,188,HTTP Request - fidustest.skolverket-0,302,Thread Group 1-152,,35,35,https://fidustest.skolverket.se/Shibboleth.sso/Login?target=https://fidustest.skolverket.se/secure&entityID=https://idp-skolverket.dev.eduid.se/2021005208,188,0,110
1711023332098,65919,HTTP Request - fidustest.skolverket-1,Non HTTP response code: java.net.SocketException,Thread Group 1-152,,35,35,https://idp-skolverket.dev.eduid.se/EduidSP/2021005208/sso/redirect?SAMLRequest=hZJfT8IwFMW%2FytJ3aNcBwYaRTDCRBHVx6IMvpusurmG0s7dD%2FfZuzD%2F4gm83uae%2Fk3N6Zyj3VS2SxpfmHl4bQB%2B87yuD4riISeOMsBI1CiP3gMIrkSU3a8GHTNTOeqtsRYIEEZzX1iyswWYPLgN30Aoe7tcxKb2vUVC61UWDvnUY4s5WB3A7aEegWanz3FbgyyGipR2e0%2FQu25Bg2aq1kR35l6OLenBCKOAwhKLRRce66oYspZzxkLExZ1PaMR0U2oHyJFgtY%2FKsWKQkTCSfMsjZJB9dqPFkKrejKNqyaaFaGWIDK4NeGh%2BTljYasGjAw03IRTgWEX8iQfoV%2F1KbQpuX813lvQjF9WaTDvp0j%2BDwmKwVkPmsa1wcjd3JH5zHyu%2Fiyfy%2FmvGn5hk9sep9a3HbslfL1FZafQRJVdm3hQPpISYhofP%2Byd9DmX8C&RelayState=cookie%3A1711023332_d44c,0,0,65919
1711023258406,139614,HTTP Request - fidustest.skolverket,Non HTTP response code: java.net.SocketException,Thread Group 1-5,Test failed: code expected to contain /200/,32,32,https://idp-skolverket.dev.eduid.se/EduidSP/2021005208/sso/redirect?SAMLRequest=hZJfb4IwFMW%2FCum7FFBQGyFxumQmbiPC9rCXpdDrbMSW9Ra3ffuB7I97cW83uae%2Fk3N6Z8gPVc3mjd2pDbw2gNZ5P1QK2WkRk8YopjlKZIofAJktWTa%2FXbPA9VhttNWlrogzRwRjpVYLrbA5gMnAHGUJD5t1THbW1sgo3UrRoG0dXNzr6ghmD%2B0INNvJotAV2J2LqGmHD2h6n%2BXEWbZqqXhH%2FuVIUQ%2FOCAKOLohGio513Q1ZSgMv8D0vDLwJ7ZgGhDRQWuKsljF5LqdR6PvjAoJhFJVcTIfjYRGFXuhtOYiQtzLEBlYKLVc2Ji1tNPCGg8DP%2FYD5I%2BZPnoiTfsW%2FkkpI9XK5q6IXIbvJ83TQp3sEg6dkrYAks65xdjI2Z39wGcu%2FiyfJfzXjT80zembV%2B9bsrmWvlqmuZPnhzKtKvy0McAsx8QlN%2Bid%2FDyX5BA%3D%3D&RelayState=cookie%3A1711023258_83ca,170,0,118
1711023258406,170,HTTP Request - fidustest.skolverket-0,302,Thread Group 1-5,,32,32,https://fidustest.skolverket.se/Shibboleth.sso/Login?target=https://fidustest.skolverket.se/secure&entityID=https://idp-skolverket.dev.eduid.se/2021005208,170,0,118
1711023258577,139443,HTTP Request - fidustest.skolverket-1,Non HTTP response code: java.net.SocketException,Thread Group 1-5,,32,32,https://idp-skolverket.dev.eduid.se/EduidSP/2021005208/sso/redirect?SAMLRequest=hZJfb4IwFMW%2FCum7FFBQGyFxumQmbiPC9rCXpdDrbMSW9Ra3ffuB7I97cW83uae%2Fk3N6Z8gPVc3mjd2pDbw2gNZ5P1QK2WkRk8YopjlKZIofAJktWTa%2FXbPA9VhttNWlrogzRwRjpVYLrbA5gMnAHGUJD5t1THbW1sgo3UrRoG0dXNzr6ghmD%2B0INNvJotAV2J2LqGmHD2h6n%2BXEWbZqqXhH%2FuVIUQ%2FOCAKOLohGio513Q1ZSgMv8D0vDLwJ7ZgGhDRQWuKsljF5LqdR6PvjAoJhFJVcTIfjYRGFXuhtOYiQtzLEBlYKLVc2Ji1tNPCGg8DP%2FYD5I%2BZPnoiTfsW%2FkkpI9XK5q6IXIbvJ83TQp3sEg6dkrYAks65xdjI2Z39wGcu%2FiyfJfzXjT80zembV%2B9bsrmWvlqmuZPnhzKtKvy0McAsx8QlN%2Bid%2FDyX5BA%3D%3D&RelayState=cookie%3A1711023258_83ca,0,0,139443
1711023342909,55108,HTTP Request - fidustest.skolverket,Non HTTP response code: java.net.SocketException,Thread Group 1-174,Test failed: code expected to contain /200/,32,32,https://idp-skolverket.dev.eduid.se/EduidSP/2021005208/sso/redirect?SAMLRequest=hZJfT4MwFMW%2FCuk7FDrmZjOWzM3EJVPJQB98MQUu0gxa7C1Tv72w%2BWe%2BzLeb3NPfyTm9MxRN3fJFZyu1hdcO0DrvTa2QHxYR6YziWqBErkQDyG3Ok8XthjPP563RVue6Js4CEYyVWi21wq4Bk4DZyxwetpuIVNa2yCktZdGh7R083Ol6D2YH%2FQg0qWSW6Rps5SFqOuAZje%2BTlDirXi2VGMi%2FHFm07gmhgL0HRSeLgXU9DElMmc8C3x8zf0oHpoFCGsgtcdariDxnpRCTCz%2BcCn8E4SRnl1lYhkE5DqcjFuZBL0PsYK3QCmUj0tNC1x%2B5LEgDxoMxD0dPxIm%2F4l9JVUj1cr6r7ChCfpOmsXtM9wgGD8l6AZnPhsb5wdic%2FMF5rPgunsz%2Fqxl%2Fap7RE6ujb8vvevZ6Feta5h%2FOoq7129KAsBCRgND58cnfQ5l%2FAg%3D%3D&RelayState=cookie%3A1711023343_274c,147,0,91
1711023342909,147,HTTP Request - fidustest.skolverket-0,302,Thread Group 1-174,,32,32,https://fidustest.skolverket.se/Shibboleth.sso/Login?target=https://fidustest.skolverket.se/secure&entityID=https://idp-skolverket.dev.eduid.se/2021005208,147,0,91
1711023343057,54960,HTTP Request - fidustest.skolverket-1,Non HTTP response code: java.net.SocketException,Thread Group 1-174,,32,32,https://idp-skolverket.dev.eduid.se/EduidSP/2021005208/sso/redirect?SAMLRequest=hZJfT4MwFMW%2FCuk7FDrmZjOWzM3EJVPJQB98MQUu0gxa7C1Tv72w%2BWe%2BzLeb3NPfyTm9MxRN3fJFZyu1hdcO0DrvTa2QHxYR6YziWqBErkQDyG3Ok8XthjPP563RVue6Js4CEYyVWi21wq4Bk4DZyxwetpuIVNa2yCktZdGh7R083Ol6D2YH%2FQg0qWSW6Rps5SFqOuAZje%2BTlDirXi2VGMi%2FHFm07gmhgL0HRSeLgXU9DElMmc8C3x8zf0oHpoFCGsgtcdariDxnpRCTCz%2BcCn8E4SRnl1lYhkE5DqcjFuZBL0PsYK3QCmUj0tNC1x%2B5LEgDxoMxD0dPxIm%2F4l9JVUj1cr6r7ChCfpOmsXtM9wgGD8l6AZnPhsb5wdic%2FMF5rPgunsz%2Fqxl%2Fap7RE6ujb8vvevZ6Feta5h%2FOoq7129KAsBCRgND58cnfQ5l%2FAg%3D%3D&RelayState=cookie%3A1711023343_274c,0,0,54960
1711023339904,58114,HTTP Request - fidustest.skolverket,Non HTTP response code: java.net.SocketException,Thread Group 1-168,Test failed: code expected to contain /200/,30,30,https://idp-skolverket.dev.eduid.se/EduidSP/2021005208/sso/redirect?SAMLRequest=hZJLT8MwEIT%2FSuR76jiPFllNpNAiUalARAoHLihxtsRqYgevU%2BDfk7Q8yqXcVtrxN5rxzrFom46nva3VPbz2gNZ5bxuF%2FLCISW8U1wVK5KpoAbkVPE9v1tyfeLwz2mqhG%2BKkiGCs1GqhFfYtmBzMXgp4uF%2FHpLa2Q07pVlY92sFhgjvd7MHsYBiB5rUsS92ArSeImo54n2Z3%2BYY4y0EtVTGSfzmy6twTQgX7CVS9rEbW1TjkGfU9n3le5HsXdGQaqKQBYYmzWsbkeVrOwsATIYOAiTKahRDCdipCwVhQ%2BVEwyBB7WCm0hbIxGWih6wWuzzbM5yziofdEnOwr%2FqVUlVQv57sqjyLk15tN5h7TPYLBQ7JBQJL52Dg%2FGJuTPziPLb6LJ8l%2FNeNPzXN6YnX07fjtwF4tM91I8eGkTaPfFgYKCzFhhCbHJ38PJfkE&RelayState=cookie%3A1711023340_e338,182,0,135
1711023339904,183,HTTP Request - fidustest.skolverket-0,302,Thread Group 1-168,,30,30,https://fidustest.skolverket.se/Shibboleth.sso/Login?target=https://fidustest.skolverket.se/secure&entityID=https://idp-skolverket.dev.eduid.se/2021005208,182,0,135
1711023340088,57930,HTTP Request - fidustest.skolverket-1,Non HTTP response code: java.net.SocketException,Thread Group 1-168,,30,30,https://idp-skolverket.dev.eduid.se/EduidSP/2021005208/sso/redirect?SAMLRequest=hZJLT8MwEIT%2FSuR76jiPFllNpNAiUalARAoHLihxtsRqYgevU%2BDfk7Q8yqXcVtrxN5rxzrFom46nva3VPbz2gNZ5bxuF%2FLCISW8U1wVK5KpoAbkVPE9v1tyfeLwz2mqhG%2BKkiGCs1GqhFfYtmBzMXgp4uF%2FHpLa2Q07pVlY92sFhgjvd7MHsYBiB5rUsS92ArSeImo54n2Z3%2BYY4y0EtVTGSfzmy6twTQgX7CVS9rEbW1TjkGfU9n3le5HsXdGQaqKQBYYmzWsbkeVrOwsATIYOAiTKahRDCdipCwVhQ%2BVEwyBB7WCm0hbIxGWih6wWuzzbM5yziofdEnOwr%2FqVUlVQv57sqjyLk15tN5h7TPYLBQ7JBQJL52Dg%2FGJuTPziPLb6LJ8l%2FNeNPzXN6YnX07fjtwF4tM91I8eGkTaPfFgYKCzFhhCbHJ38PJfkE&RelayState=cookie%3A1711023340_e338,0,0,57930
1711023329407,68611,HTTP Request - fidustest.skolverket,Non HTTP response code: java.net.SocketException,Thread Group 1-147,Test failed: code expected to contain /200/,30,30,https://idp-skolverket.dev.eduid.se/EduidSP/2021005208/sso/redirect?SAMLRequest=hZJfT8IwFMW%2FytL3rVsZAxpGgmAiCerC0AdfTFkv0rC1s7dD%2FfZu4B98wbeb3NPfyTm9YxRVWfNp43Z6Ba8NoPPeq1IjPy5S0ljNjUCFXIsKkLuC59PbJWdByGtrnClMSbwpIlinjJ4ZjU0FNgd7UAU8rJYp2TlXI6d0q2SDrnUIcG%2FKA9g9tCPQfKc2G1OC2wWIhnZ4RrP7fE28eatWWnTkX46StX9GkHAIQDZKdqzrbsgzykIWhWGfhUPaMS1IZaFwxFvMU%2FIsokjGSSwHg228YVHRSxIm5BZG8VAUo0HSyhAbWGh0QruUtLTYD3s%2Bi9YR41Gfs9ET8bKv%2BFdKS6VfLne1OYmQ36zXmX9K9wgWj8laAZmMu8b50die%2FcFlrPgunkz%2Bqxl%2Fah7TM6uTb83vWvZinplSFR%2FetCzN28yCcJCSiNDJ6cnfQ5l8Ag%3D%3D&RelayState=cookie%3A1711023329_dc4d,189,0,134
1711023329407,190,HTTP Request - fidustest.skolverket-0,302,Thread Group 1-147,,30,30,https://fidustest.skolverket.se/Shibboleth.sso/Login?target=https://fidustest.skolverket.se/secure&entityID=https://idp-skolverket.dev.eduid.se/2021005208,189,0,134
1711023329600,68418,HTTP Request - fidustest.skolverket-1,Non HTTP response code: java.net.SocketException,Thread Group 1-147,,30,30,https://idp-skolverket.dev.eduid.se/EduidSP/2021005208/sso/redirect?SAMLRequest=hZJfT8IwFMW%2FytL3rVsZAxpGgmAiCerC0AdfTFkv0rC1s7dD%2FfZu4B98wbeb3NPfyTm9YxRVWfNp43Z6Ba8NoPPeq1IjPy5S0ljNjUCFXIsKkLuC59PbJWdByGtrnClMSbwpIlinjJ4ZjU0FNgd7UAU8rJYp2TlXI6d0q2SDrnUIcG%2FKA9g9tCPQfKc2G1OC2wWIhnZ4RrP7fE28eatWWnTkX46StX9GkHAIQDZKdqzrbsgzykIWhWGfhUPaMS1IZaFwxFvMU%2FIsokjGSSwHg228YVHRSxIm5BZG8VAUo0HSyhAbWGh0QruUtLTYD3s%2Bi9YR41Gfs9ET8bKv%2BFdKS6VfLne1OYmQ36zXmX9K9wgWj8laAZmMu8b50die%2FcFlrPgunkz%2Bqxl%2Fah7TM6uTb83vWvZinplSFR%2FetCzN28yCcJCSiNDJ6cnfQ5l8Ag%3D%3D&RelayState=cookie%3A1711023329_dc4d,0,0,68418
1711023265406,132616,HTTP Request - fidustest.skolverket,Non HTTP response code: java.net.SocketException,Thread Group 1-19,Test failed: code expected to contain /200/,30,30,https://idp-skolverket.dev.eduid.se/EduidSP/2021005208/sso/redirect?SAMLRequest=hZJfT8IwFMW%2FytJ3aFfGgg0jmWAiCeri0AdfTFkvrmG0s7dD%2FfZuzD%2F4gm83uae%2Fk3N6pyj3VS3SxpfmHl4bQB%2B87yuD4rhISOOMsBI1CiP3gMIXIk9vVoIPmaid9bawFQlSRHBeWzO3Bps9uBzcQRfwcL9KSOl9jYLSrVYN%2BtZhiDtbHcDtoB2B5qXebGwFvhwiWtrhOc3u8jUJFq1aG9mRfzla1YMTgoLDEFSjVce66oY8o5zxkLExZxPaMR0o7aDwJFguEvIcbyc8kjELJ1LGKo4ARhM1BsbizYWMZNTKEBtYGvTS%2BIS0tGjARgMerkMuwkjw8RMJsq%2F4l9oobV7Od7XpRSiu1%2Bts0Kd7BIfHZK2AzKZd4%2BJo7E7%2B4DxWfhdPZv%2FVjD81T%2BmJVe9bi9uWvVxkttLFR5BWlX2bO5AeEhISOuuf%2FD2U2Sc%3D&RelayState=cookie%3A1711023265_4a97,133,0,79
1711023265406,133,HTTP Request - fidustest.skolverket-0,302,Thread Group 1-19,,30,30,https://fidustest.skolverket.se/Shibboleth.sso/Login?target=https://fidustest.skolverket.se/secure&entityID=https://idp-skolverket.dev.eduid.se/2021005208,133,0,79
1711023265539,132483,HTTP Request - fidustest.skolverket-1,Non HTTP response code: java.net.SocketException,Thread Group 1-19,,30,30,https://idp-skolverket.dev.eduid.se/EduidSP/2021005208/sso/redirect?SAMLRequest=hZJfT8IwFMW%2FytJ3aFfGgg0jmWAiCeri0AdfTFkvrmG0s7dD%2FfZuzD%2F4gm83uae%2Fk3N6pyj3VS3SxpfmHl4bQB%2B87yuD4rhISOOMsBI1CiP3gMIXIk9vVoIPmaid9bawFQlSRHBeWzO3Bps9uBzcQRfwcL9KSOl9jYLSrVYN%2BtZhiDtbHcDtoB2B5qXebGwFvhwiWtrhOc3u8jUJFq1aG9mRfzla1YMTgoLDEFSjVce66oY8o5zxkLExZxPaMR0o7aDwJFguEvIcbyc8kjELJ1LGKo4ARhM1BsbizYWMZNTKEBtYGvTS%2BIS0tGjARgMerkMuwkjw8RMJsq%2F4l9oobV7Od7XpRSiu1%2Bts0Kd7BIfHZK2AzKZd4%2BJo7E7%2B4DxWfhdPZv%2FVjD81T%2BmJVe9bi9uWvVxkttLFR5BWlX2bO5AeEhISOuuf%2FD2U2Sc%3D&RelayState=cookie%3A1711023265_4a97,0,0,132483
1711023277407,120616,HTTP Request - fidustest.skolverket,Non HTTP response code: java.net.SocketException,Thread Group 1-43,Test failed: code expected to contain /200/,29,29,https://idp-skolverket.dev.eduid.se/EduidSP/2021005208/sso/redirect?SAMLRequest=hZJLb8IwEIT%2FSuQ7ODFviyBRqFQk2kaE9tBL5cRLY%2BHYqdeh7b9vAn3QC72ttONvNOOdoih1xee1L8wGXmtAH7yX2iA%2FLmJSO8OtQIXciBKQ%2B5yn89s1Z92QV856m1tNgjkiOK%2BsWViDdQkuBXdQOTxs1jEpvK%2BQU7pTskbfOHRxb%2FUB3B6aEWhaqCyzGnzRRbS0xTOa3KdbEiwbtTKiJf9ylKw6ZwQJhy7IWsmWdd0OaUJZyKIwHLBwTFumA6kc5J4Eq2VMngWMxW63G8GgD5MszIcsG7LBcCLzrC%2FD4biRIdawMuiF8TFpaP1O2OuwaBsxHvV5b%2FREguQr%2FpUyUpmXy11lJxHym%2B026ZzSPYLDY7JGQGbTtnF%2BNHZnf3AZK76LJ7P%2Fasafmqf0zOrkW%2FG7hr1aJlar%2FCOYa23fFg6Eh5hEhM5OT%2F4eyuwT&RelayState=cookie%3A1711023277_4bb0,169,0,118
1711023277407,169,HTTP Request - fidustest.skolverket-0,302,Thread Group 1-43,,29,29,https://fidustest.skolverket.se/Shibboleth.sso/Login?target=https://fidustest.skolverket.se/secure&entityID=https://idp-skolverket.dev.eduid.se/2021005208,169,0,118
1711023277578,120445,HTTP Request - fidustest.skolverket-1,Non HTTP response code: java.net.SocketException,Thread Group 1-43,,29,29,https://idp-skolverket.dev.eduid.se/EduidSP/2021005208/sso/redirect?SAMLRequest=hZJLb8IwEIT%2FSuQ7ODFviyBRqFQk2kaE9tBL5cRLY%2BHYqdeh7b9vAn3QC72ttONvNOOdoih1xee1L8wGXmtAH7yX2iA%2FLmJSO8OtQIXciBKQ%2B5yn89s1Z92QV856m1tNgjkiOK%2BsWViDdQkuBXdQOTxs1jEpvK%2BQU7pTskbfOHRxb%2FUB3B6aEWhaqCyzGnzRRbS0xTOa3KdbEiwbtTKiJf9ylKw6ZwQJhy7IWsmWdd0OaUJZyKIwHLBwTFumA6kc5J4Eq2VMngWMxW63G8GgD5MszIcsG7LBcCLzrC%2FD4biRIdawMuiF8TFpaP1O2OuwaBsxHvV5b%2FREguQr%2FpUyUpmXy11lJxHym%2B026ZzSPYLDY7JGQGbTtnF%2BNHZnf3AZK76LJ7P%2Fasafmqf0zOrkW%2FG7hr1aJlar%2FCOYa23fFg6Eh5hEhM5OT%2F4eyuwT&RelayState=cookie%3A1711023277_4bb0,0,0,120445
1711023293408,104615,HTTP Request - fidustest.skolverket,Non HTTP response code: java.net.SocketException,Thread Group 1-75,Test failed: code expected to contain /200/,26,26,https://idp-skolverket.dev.eduid.se/EduidSP/2021005208/sso/redirect?SAMLRequest=hZJfT4MwFMW%2FCun71sJg2ZqxBDcTl0wlA33wxRS4k2bQYm%2BZ%2Bu2F4Z%2F5Mt9uck9%2FJ%2BfcLlDUVcOj1pZqB68toHXe60ohPy1C0hrFtUCJXIkakNucJ9Htlntjxhujrc51RZwIEYyVWq20wrYGk4A5yhwedtuQlNY2yCndy6JF2zmM8aCrI5gDdCPQpJRZpiuw5RhR0x7v0fg%2BSYmz7tRSiZ78y5FFMzojFHAcQ9HKomdd90MSU495LmOBx2a0ZxoopIHcEmezDsnztNu6s0DMWTEN3AnzGWT7LPfcLJvNxdTvZIgtbBRaoWxIOpo%2FYpOR56aux12fB5Mn4sRf8a%2BkKqR6udxVNoiQ36RpPBrSPYLBU7JOQJaLvnF%2BMjZnN7iMFd%2FFk%2BV%2FNeNPzQt6ZjX4NvyuY2%2FWsa5k%2FuFEVaXfVgaEhZC4hC6HJ38%2FyvIT&RelayState=cookie%3A1711023293_9dbf,315,0,95
1711023293408,315,HTTP Request - fidustest.skolverket-0,302,Thread Group 1-75,,26,26,https://fidustest.skolverket.se/Shibboleth.sso/Login?target=https://fidustest.skolverket.se/secure&entityID=https://idp-skolverket.dev.eduid.se/2021005208,315,0,95
1711023293723,104300,HTTP Request - fidustest.skolverket-1,Non HTTP response code: java.net.SocketException,Thread Group 1-75,,26,26,https://idp-skolverket.dev.eduid.se/EduidSP/2021005208/sso/redirect?SAMLRequest=hZJfT4MwFMW%2FCun71sJg2ZqxBDcTl0wlA33wxRS4k2bQYm%2BZ%2Bu2F4Z%2F5Mt9uck9%2FJ%2BfcLlDUVcOj1pZqB68toHXe60ohPy1C0hrFtUCJXIkakNucJ9Htlntjxhujrc51RZwIEYyVWq20wrYGk4A5yhwedtuQlNY2yCndy6JF2zmM8aCrI5gDdCPQpJRZpiuw5RhR0x7v0fg%2BSYmz7tRSiZ78y5FFMzojFHAcQ9HKomdd90MSU495LmOBx2a0ZxoopIHcEmezDsnztNu6s0DMWTEN3AnzGWT7LPfcLJvNxdTvZIgtbBRaoWxIOpo%2FYpOR56aux12fB5Mn4sRf8a%2BkKqR6udxVNoiQ36RpPBrSPYLBU7JOQJaLvnF%2BMjZnN7iMFd%2FFk%2BV%2FNeNPzQt6ZjX4NvyuY2%2FWsa5k%2FuFEVaXfVgaEhZC4hC6HJ38%2FyvIT&RelayState=cookie%3A1711023293_9dbf,0,0,104300
1711023355406,42613,HTTP Request - fidustest.skolverket,Non HTTP response code: java.net.SocketException,Thread Group 1-199,Test failed: code expected to contain /200/,25,25,https://idp-skolverket.dev.eduid.se/EduidSP/2021005208/sso/redirect?SAMLRequest=hZJfT4MwFMW%2FCun7aOkgumYswc3EJVPJQB98MYzeSTNosbdM%2FfbC5p%2F5Mt9uck9%2FJ%2Bf0TrFo6lYknav0Gl47QOe9N7VGcVjEpLNamAIVCl00gMKVIktuV4L7TLTWOFOamngJIlinjJ4bjV0DNgO7VyU8rFcxqZxrUVC6VbJD1zv4uDP1HuwO%2BhFoVqnNxtTgKh%2FR0AHPaXqf5cRb9Gqli4H8y1GyHZ0QJOx9kJ2SA%2Bt6GLKUcsYDxiLOLunAtCCVhdIRb7mIyXPJJ5MJg5BBMAYmozKUrAjC7QWLJpsw5L0MsYOlRldoF5OeFo7YeMSDPOAiiEQUPREv%2FYp%2FpbRU%2BuV8V5ujCMVNnqejY7pHsHhI1gvIbDo0Lg7G9uQPzmOL7%2BLJ7L%2Ba8afmKT2xOvq24q5nLxepqVX54SV1bd7mFgoHMQkInR2f%2FD2U2Sc%3D&RelayState=cookie%3A1711023355_6572,149,0,90
1711023355406,149,HTTP Request - fidustest.skolverket-0,302,Thread Group 1-199,,25,25,https://fidustest.skolverket.se/Shibboleth.sso/Login?target=https://fidustest.skolverket.se/secure&entityID=https://idp-skolverket.dev.eduid.se/2021005208,149,0,90
1711023355555,42464,HTTP Request - fidustest.skolverket-1,Non HTTP response code: java.net.SocketException,Thread Group 1-199,,25,25,https://idp-skolverket.dev.eduid.se/EduidSP/2021005208/sso/redirect?SAMLRequest=hZJfT4MwFMW%2FCun7aOkgumYswc3EJVPJQB98MYzeSTNosbdM%2FfbC5p%2F5Mt9uck9%2FJ%2Bf0TrFo6lYknav0Gl47QOe9N7VGcVjEpLNamAIVCl00gMKVIktuV4L7TLTWOFOamngJIlinjJ4bjV0DNgO7VyU8rFcxqZxrUVC6VbJD1zv4uDP1HuwO%2BhFoVqnNxtTgKh%2FR0AHPaXqf5cRb9Gqli4H8y1GyHZ0QJOx9kJ2SA%2Bt6GLKUcsYDxiLOLunAtCCVhdIRb7mIyXPJJ5MJg5BBMAYmozKUrAjC7QWLJpsw5L0MsYOlRldoF5OeFo7YeMSDPOAiiEQUPREv%2FYp%2FpbRU%2BuV8V5ujCMVNnqejY7pHsHhI1gvIbDo0Lg7G9uQPzmOL7%2BLJ7L%2Ba8afmKT2xOvq24q5nLxepqVX54SV1bd7mFgoHMQkInR2f%2FD2U2Sc%3D&RelayState=cookie%3A1711023355_6572,0,0,42464
1711023315408,82613,HTTP Request - fidustest.skolverket,Non HTTP response code: java.net.SocketException,Thread Group 1-119,Test failed: code expected to contain /200/,25,25,https://idp-skolverket.dev.eduid.se/EduidSP/2021005208/sso/redirect?SAMLRequest=hZLdT4MwFMX%2FFdL3Ub5mRjNIcDNxyVQi6IMvBsqdNIMWe8vU%2F14YfsyXmfThJj39nZxzu8SibTqW9KaW9%2FDaAxrrvW0ksuNFRHotmSpQIJNFC8gMZ1lys2We7bBOK6O4aoiVIII2QsmVkti3oDPQB8Hh4X4bkdqYDhmlO1H1aAYHG%2FeqOYDewzACzWpRlqoBU9uIio54j6Z3WU6s9aAWshjJvxxRdbMTQgUHG6peVCPrahyylHqO5zrO3HMWdGRqqIQGboi1WUfkecH5znedMoQguPBhFwYQOrzkLud%2BVQbhIEPsYSPRFNJEZKAFM8efeW7uesydD%2BeJWOlX%2FEshKyFfzndVTiJk13mezqZ0j6DxmGwQkHg5Ns6OxvpkB%2BexxXfxJP6vZvypeUlPrCbfjt0O7M06VY3gH1bSNOptpaEwEBGX0Hh68vejxJ8%3D&RelayState=cookie%3A1711023315_be08,127,0,90
1711023315408,127,HTTP Request - fidustest.skolverket-0,302,Thread Group 1-119,,25,25,https://fidustest.skolverket.se/Shibboleth.sso/Login?target=https://fidustest.skolverket.se/secure&entityID=https://idp-skolverket.dev.eduid.se/2021005208,127,0,90
1711023315537,82484,HTTP Request - fidustest.skolverket-1,Non HTTP response code: java.net.SocketException,Thread Group 1-119,,25,25,https://idp-skolverket.dev.eduid.se/EduidSP/2021005208/sso/redirect?SAMLRequest=hZLdT4MwFMX%2FFdL3Ub5mRjNIcDNxyVQi6IMvBsqdNIMWe8vU%2F14YfsyXmfThJj39nZxzu8SibTqW9KaW9%2FDaAxrrvW0ksuNFRHotmSpQIJNFC8gMZ1lys2We7bBOK6O4aoiVIII2QsmVkti3oDPQB8Hh4X4bkdqYDhmlO1H1aAYHG%2FeqOYDewzACzWpRlqoBU9uIio54j6Z3WU6s9aAWshjJvxxRdbMTQgUHG6peVCPrahyylHqO5zrO3HMWdGRqqIQGboi1WUfkecH5znedMoQguPBhFwYQOrzkLud%2BVQbhIEPsYSPRFNJEZKAFM8efeW7uesydD%2BeJWOlX%2FEshKyFfzndVTiJk13mezqZ0j6DxmGwQkHg5Ns6OxvpkB%2BexxXfxJP6vZvypeUlPrCbfjt0O7M06VY3gH1bSNOptpaEwEBGX0Hh68vejxJ8%3D&RelayState=cookie%3A1711023315_be08,0,0,82484
1711023302405,95619,HTTP Request - fidustest.skolverket,Non HTTP response code: java.net.SocketException,Thread Group 1-93,Test failed: code expected to contain /200/,24,24,https://idp-skolverket.dev.eduid.se/EduidSP/2021005208/sso/redirect?SAMLRequest=hZJfT8IwFMW%2FytJ3aFeYYQ0jQTCRBHVx6IMvpqx3rmG0s7dD%2FfZuzD%2F4gm83uae%2Fk3N6pyj3VS3mjS%2FNPbw2gD5431cGxXGRkMYZYSVqFEbuAYXPRTa%2FWQs%2BZKJ21tvcViSYI4Lz2pqFNdjswWXgDjqHh%2Ft1QkrvaxSUFlo16FuHIe5sdQC3g3YEmpV6u7UV%2BHKIaGmH5zS9yzYkWLZqbWRH%2FuVoVQ9OCAoOQ1CNVh3rqhuylHLGQ8Yizia0YzpQ2kHuSbBaJuRZjSLFWRwX%2BaSIecxZAcDjeByBjC%2BKsWxliA2sDHppfEJa2njARgMebkIuwkgw%2FkSC9Cv%2BpTZKm5fzXW17EYrrzSYd9OkeweExWSsgs2nXuDgau5M%2FOI%2BV38WT2X8140%2FNU3pi1fvW4rZlr5aprXT%2BEcyryr4tHEgPCQkJnfVP%2Fh7K7BM%3D&RelayState=cookie%3A1711023302_3884,159,0,109
1711023302405,159,HTTP Request - fidustest.skolverket-0,302,Thread Group 1-93,,24,24,https://fidustest.skolverket.se/Shibboleth.sso/Login?target=https://fidustest.skolverket.se/secure&entityID=https://idp-skolverket.dev.eduid.se/2021005208,159,0,109
1711023302564,95460,HTTP Request - fidustest.skolverket-1,Non HTTP response code: java.net.SocketException,Thread Group 1-93,,24,24,https://idp-skolverket.dev.eduid.se/EduidSP/2021005208/sso/redirect?SAMLRequest=hZJfT8IwFMW%2FytJ3aFeYYQ0jQTCRBHVx6IMvpqx3rmG0s7dD%2FfZuzD%2F4gm83uae%2Fk3N6pyj3VS3mjS%2FNPbw2gD5431cGxXGRkMYZYSVqFEbuAYXPRTa%2FWQs%2BZKJ21tvcViSYI4Lz2pqFNdjswWXgDjqHh%2Ft1QkrvaxSUFlo16FuHIe5sdQC3g3YEmpV6u7UV%2BHKIaGmH5zS9yzYkWLZqbWRH%2FuVoVQ9OCAoOQ1CNVh3rqhuylHLGQ8Yizia0YzpQ2kHuSbBaJuRZjSLFWRwX%2BaSIecxZAcDjeByBjC%2BKsWxliA2sDHppfEJa2njARgMebkIuwkgw%2FkSC9Cv%2BpTZKm5fzXW17EYrrzSYd9OkeweExWSsgs2nXuDgau5M%2FOI%2BV38WT2X8140%2FNU3pi1fvW4rZlr5aprXT%2BEcyryr4tHEgPCQkJnfVP%2Fh7K7BM%3D&RelayState=cookie%3A1711023302_3884,0,0,95460
1711023303908,94116,HTTP Request - fidustest.skolverket,Non HTTP response code: java.net.SocketException,Thread Group 1-96,Test failed: code expected to contain /200/,23,23,https://idp-skolverket.dev.eduid.se/EduidSP/2021005208/sso/redirect?SAMLRequest=hZJfT4MwFMW%2FCun71oLgZjNI5mbikqlkoA%2B%2BmELvXDNosbdM%2FfbC8M980beb3NPfyTm9MxR11fB563Z6Ay8toPPe6kojPy5i0lrNjUCFXIsakLuSZ%2FObNQ%2FGjDfWOFOainhzRLBOGb0wGtsabAb2oEq436xjsnOuQU7pVskWXecwxr2pDmD30I1As50qClOB240RDe3xAU3vspx4y06ttOjJPxwlm9EJQcJhDLJVsmdd9UOW0oAFPmNRwKa0Z1qQykLpiLdaxuRpytgkmpxHwVQWDLZbIQvhyzC82IZROAHWyRBbWGl0QruYdLRwxM5GgZ%2F7AfcjzsJH4qWf8S%2BVlko%2F%2F91VMYiQX%2Bd5OhrSPYDFY7JOQJJZ3zg%2FGtuTP%2FgbK76KJ8l%2FNeN3zTN6YjX4Nvy2Y6%2BWqalU%2Be7Nq8q8LiwIBzHxCU2GJ78PJfkA&RelayState=cookie%3A1711023304_ce33,240,0,190
1711023303908,240,HTTP Request - fidustest.skolverket-0,302,Thread Group 1-96,,23,23,https://fidustest.skolverket.se/Shibboleth.sso/Login?target=https://fidustest.skolverket.se/secure&entityID=https://idp-skolverket.dev.eduid.se/2021005208,240,0,190
1711023304149,93875,HTTP Request - fidustest.skolverket-1,Non HTTP response code: java.net.SocketException,Thread Group 1-96,,23,23,https://idp-skolverket.dev.eduid.se/EduidSP/2021005208/sso/redirect?SAMLRequest=hZJfT4MwFMW%2FCun71oLgZjNI5mbikqlkoA%2B%2BmELvXDNosbdM%2FfbC8M980beb3NPfyTm9MxR11fB563Z6Ay8toPPe6kojPy5i0lrNjUCFXIsakLuSZ%2FObNQ%2FGjDfWOFOainhzRLBOGb0wGtsabAb2oEq436xjsnOuQU7pVskWXecwxr2pDmD30I1As50qClOB240RDe3xAU3vspx4y06ttOjJPxwlm9EJQcJhDLJVsmdd9UOW0oAFPmNRwKa0Z1qQykLpiLdaxuRpytgkmpxHwVQWDLZbIQvhyzC82IZROAHWyRBbWGl0QruYdLRwxM5GgZ%2F7AfcjzsJH4qWf8S%2BVlko%2F%2F91VMYiQX%2Bd5OhrSPYDFY7JOQJJZ3zg%2FGtuTP%2FgbK76KJ8l%2FNeN3zTN6YjX4Nvy2Y6%2BWqalU%2Be7Nq8q8LiwIBzHxCU2GJ78PJfkA&RelayState=cookie%3A1711023304_ce33,0,0,93875
1711023324907,73115,HTTP Request - fidustest.skolverket,Non HTTP response code: java.net.SocketException,Thread Group 1-138,Test failed: code expected to contain /200/,23,23,https://idp-skolverket.dev.eduid.se/EduidSP/2021005208/sso/redirect?SAMLRequest=hZLdT8IwFMX%2FlaXv0K44PhpGgmAiCerC0AdfTNdepWG0s7dD%2Fe%2FdwA98wbeb3NPfyTm9Y5S7shLTOmzsCl5rwBC970qL4rBISe2tcBINCit3gCIokU9vloJ3mai8C065kkRTRPDBODtzFusd%2BBz83ii4Xy1TsgmhQkHps9E1hsahi1tX7sFvoRmB5htTFK6EsOkiOtriOc3u8jWJ5o3aWNmSfzlGV50TgoZ9F3RtdMu6aoc8o5zxmLGEsyFtmR608aACiRbzlDzJ0YgrpoYJ0z3VH8U9zdRA9WTSTwaaF0UjQ6xhYTFIG1LS0C46rNfh8TrmIk4ETx5JlH3FvzRWG%2FtyvqviKEJxvV5nnWO6B%2FB4SNYIyGTcNi4Oxv7kD85j5XfxZPJfzfhT85ieWB19K3HbsBfzzJVGfUTTsnRvMw8yQEpiQifHJ38PZfIJ&RelayState=cookie%3A1711023325_5188,192,0,145
1711023324907,192,HTTP Request - fidustest.skolverket-0,302,Thread Group 1-138,,23,23,https://fidustest.skolverket.se/Shibboleth.sso/Login?target=https://fidustest.skolverket.se/secure&entityID=https://idp-skolverket.dev.eduid.se/2021005208,192,0,145
1711023325100,72922,HTTP Request - fidustest.skolverket-1,Non HTTP response code: java.net.SocketException,Thread Group 1-138,,23,23,https://idp-skolverket.dev.eduid.se/EduidSP/2021005208/sso/redirect?SAMLRequest=hZLdT8IwFMX%2FlaXv0K44PhpGgmAiCerC0AdfTNdepWG0s7dD%2Fe%2FdwA98wbeb3NPfyTm9Y5S7shLTOmzsCl5rwBC970qL4rBISe2tcBINCit3gCIokU9vloJ3mai8C065kkRTRPDBODtzFusd%2BBz83ii4Xy1TsgmhQkHps9E1hsahi1tX7sFvoRmB5htTFK6EsOkiOtriOc3u8jWJ5o3aWNmSfzlGV50TgoZ9F3RtdMu6aoc8o5zxmLGEsyFtmR608aACiRbzlDzJ0YgrpoYJ0z3VH8U9zdRA9WTSTwaaF0UjQ6xhYTFIG1LS0C46rNfh8TrmIk4ETx5JlH3FvzRWG%2FtyvqviKEJxvV5nnWO6B%2FB4SNYIyGTcNi4Oxv7kD85j5XfxZPJfzfhT85ieWB19K3HbsBfzzJVGfUTTsnRvMw8yQEpiQifHJ38PZfIJ&RelayState=cookie%3A1711023325_5188,0,0,72922
1711023277907,120119,HTTP Request - fidustest.skolverket,Non HTTP response code: java.net.SocketException,Thread Group 1-44,Test failed: code expected to contain /200/,23,23,https://idp-skolverket.dev.eduid.se/EduidSP/2021005208/sso/redirect?SAMLRequest=hZJfT8IwFMW%2FytL3reuYCA1bgmAiCerC0AdfTLdepGG0s7dD%2FfZuzD%2F4gm83uae%2Fk3N6Jyj2Vc2njdvqFbw2gM5731ca%2BXGRkMZqbgQq5FrsAbkreT69XfIoCHltjTOlqYg3RQTrlNEzo7HZg83BHlQJD6tlQrbO1cgp3SjZoGsdAtyZ6gB2B%2B0INN%2BqojAVuG2AaGiHj2h2n6%2BJN2%2FVSouO%2FMtRsvZPCBIOAchGyY513Q15RqMwYmF4EYUj2jEtSGWhdMRbzBPyLGUs2VCMozjejIeXBStgUwpWjGM2hFCUrQyxgYVGJ7RLSEuL%2FXDgR2zNIs5iPhg9ES%2F7in%2BltFT65XxXRS9CfrNeZ36f7hEsHpO1ApJOusb50die%2FMF5rPgunqT%2F1Yw%2FNU%2FoiVXvW%2FO7lr2YZ6ZS5Yc3rSrzNrMgHCSEEZr2T%2F4eSvoJ&RelayState=cookie%3A1711023278_465c,128,0,90
1711023277907,128,HTTP Request - fidustest.skolverket-0,302,Thread Group 1-44,,23,23,https://fidustest.skolverket.se/Shibboleth.sso/Login?target=https://fidustest.skolverket.se/secure&entityID=https://idp-skolverket.dev.eduid.se/2021005208,128,0,90
1711023278036,119990,HTTP Request - fidustest.skolverket-1,Non HTTP response code: java.net.SocketException,Thread Group 1-44,,23,23,https://idp-skolverket.dev.eduid.se/EduidSP/2021005208/sso/redirect?SAMLRequest=hZJfT8IwFMW%2FytL3reuYCA1bgmAiCerC0AdfTLdepGG0s7dD%2FfZuzD%2F4gm83uae%2Fk3N6Jyj2Vc2njdvqFbw2gM5731ca%2BXGRkMZqbgQq5FrsAbkreT69XfIoCHltjTOlqYg3RQTrlNEzo7HZg83BHlQJD6tlQrbO1cgp3SjZoGsdAtyZ6gB2B%2B0INN%2BqojAVuG2AaGiHj2h2n6%2BJN2%2FVSouO%2FMtRsvZPCBIOAchGyY513Q15RqMwYmF4EYUj2jEtSGWhdMRbzBPyLGUs2VCMozjejIeXBStgUwpWjGM2hFCUrQyxgYVGJ7RLSEuL%2FXDgR2zNIs5iPhg9ES%2F7in%2BltFT65XxXRS9CfrNeZ36f7hEsHpO1ApJOusb50die%2FMF5rPgunqT%2F1Yw%2FNU%2FoiVXvW%2FO7lr2YZ6ZS5Yc3rSrzNrMgHCSEEZr2T%2F4eSvoJ&RelayState=cookie%3A1711023278_465c,0,0,119990
1711023272910,125116,HTTP Request - fidustest.skolverket,Non HTTP response code: java.net.SocketException,Thread Group 1-34,Test failed: code expected to contain /200/,19,19,https://idp-skolverket.dev.eduid.se/EduidSP/2021005208/sso/redirect?SAMLRequest=hZLdT8IwFMX%2FlaXv0K7MDxpGgmAiCerCpg%2B%2BmNJepGG0s7dD%2Fe%2FdmB%2F4gm83uae%2Fk3N6Ryh3ZSUmddjYJbzWgCF635UWxWGRktpb4SQaFFbuAEVQIp%2FcLgTvM1F5F5xyJYkmiOCDcXbqLNY78Dn4vVHwsFykZBNChYLStdE1hsahj1tX7sFvoRmB5huzWrkSwqaP6GiL5zS7zwsSzRq1sbIl%2F3KMrnpHBA37Puja6JZ13Q55RjnjMWNnnF3SlulBGw8qkGg%2BS8kzyGQ4vIwv1rE6BwVac8WToVyzlWZqwKCRIdYwtxikDSlpaEmPDXo8LmIu4kQMBk8kyr7iXxmrjX053dWqE6G4KYqs16V7BI%2BHZI2AjEdt4%2BJg7I%2F%2B4DRWfhdPxv%2FVjD81j%2BiRVedbibuGPZ9lrjTqI5qUpXubepABUhITOu6e%2FD2U8Sc%3D&RelayState=cookie%3A1711023273_f09a,159,0,113
1711023272910,160,HTTP Request - fidustest.skolverket-0,302,Thread Group 1-34,,19,19,https://fidustest.skolverket.se/Shibboleth.sso/Login?target=https://fidustest.skolverket.se/secure&entityID=https://idp-skolverket.dev.eduid.se/2021005208,159,0,113
1711023273071,124955,HTTP Request - fidustest.skolverket-1,Non HTTP response code: java.net.SocketException,Thread Group 1-34,,19,19,https://idp-skolverket.dev.eduid.se/EduidSP/2021005208/sso/redirect?SAMLRequest=hZLdT8IwFMX%2FlaXv0K7MDxpGgmAiCerCpg%2B%2BmNJepGG0s7dD%2Fe%2FdmB%2F4gm83uae%2Fk3N6Ryh3ZSUmddjYJbzWgCF635UWxWGRktpb4SQaFFbuAEVQIp%2FcLgTvM1F5F5xyJYkmiOCDcXbqLNY78Dn4vVHwsFykZBNChYLStdE1hsahj1tX7sFvoRmB5huzWrkSwqaP6GiL5zS7zwsSzRq1sbIl%2F3KMrnpHBA37Puja6JZ13Q55RjnjMWNnnF3SlulBGw8qkGg%2BS8kzyGQ4vIwv1rE6BwVac8WToVyzlWZqwKCRIdYwtxikDSlpaEmPDXo8LmIu4kQMBk8kyr7iXxmrjX053dWqE6G4KYqs16V7BI%2BHZI2AjEdt4%2BJg7I%2F%2B4DRWfhdPxv%2FVjD81j%2BiRVedbibuGPZ9lrjTqI5qUpXubepABUhITOu6e%2FD2U8Sc%3D&RelayState=cookie%3A1711023273_f09a,0,0,124955
1711023290406,107620,HTTP Request - fidustest.skolverket,Non HTTP response code: java.net.SocketException,Thread Group 1-69,Test failed: code expected to contain /200/,19,19,https://idp-skolverket.dev.eduid.se/EduidSP/2021005208/sso/redirect?SAMLRequest=hZJLT8MwEIT%2FSuR74sRteFhNpdIiUalA1AQOXJATb6nVxA5ep8C%2FJ2l4lEu5rbTjbzTjnaCoq4bPWrfVa3htAZ33Xlca%2BWGRkNZqbgQq5FrUgNyVPJvdrjgLQt5Y40xpKuLNEME6ZfTcaGxrsBnYvSrhYb1KyNa5BjmlGyVbdJ1DgDtT7cHuoBuBZltVFKYCtw0QDe3xjKb3WU68RadWWvTkX46SjX9EkLAPQLZK9qzrfshSykIWhWHMwgvaMy1IZaF0xFsuEvIcl0Uhzi4jOI9hzOJwzNhGijIalYVglzLuZIgtLDU6oV1COtrYD0c%2Bi%2FKI8WjM4%2FCJeOlX%2FCulpdIvp7sqBhHymzxP%2FSHdI1g8JOsEZDrpG%2BcHY3v0B6ex4rt4Mv2vZvypeUKPrAbfht917OUiNZUqP7xZVZm3uQXhICERodPhyd9DmX4C&RelayState=cookie%3A1711023290_97eb,183,0,134
1711023290406,183,HTTP Request - fidustest.skolverket-0,302,Thread Group 1-69,,19,19,https://fidustest.skolverket.se/Shibboleth.sso/Login?target=https://fidustest.skolverket.se/secure&entityID=https://idp-skolverket.dev.eduid.se/2021005208,183,0,134
1711023290591,107435,HTTP Request - fidustest.skolverket-1,Non HTTP response code: java.net.SocketException,Thread Group 1-69,,19,19,https://idp-skolverket.dev.eduid.se/EduidSP/2021005208/sso/redirect?SAMLRequest=hZJLT8MwEIT%2FSuR74sRteFhNpdIiUalA1AQOXJATb6nVxA5ep8C%2FJ2l4lEu5rbTjbzTjnaCoq4bPWrfVa3htAZ33Xlca%2BWGRkNZqbgQq5FrUgNyVPJvdrjgLQt5Y40xpKuLNEME6ZfTcaGxrsBnYvSrhYb1KyNa5BjmlGyVbdJ1DgDtT7cHuoBuBZltVFKYCtw0QDe3xjKb3WU68RadWWvTkX46SjX9EkLAPQLZK9qzrfshSykIWhWHMwgvaMy1IZaF0xFsuEvIcl0Uhzi4jOI9hzOJwzNhGijIalYVglzLuZIgtLDU6oV1COtrYD0c%2Bi%2FKI8WjM4%2FCJeOlX%2FCulpdIvp7sqBhHymzxP%2FSHdI1g8JOsEZDrpG%2BcHY3v0B6ex4rt4Mv2vZvypeUKPrAbfht917OUiNZUqP7xZVZm3uQXhICERodPhyd9DmX4C&RelayState=cookie%3A1711023290_97eb,0,0,107435
1711023340406,57616,HTTP Request - fidustest.skolverket,Non HTTP response code: java.net.SocketException,Thread Group 1-169,Test failed: code expected to contain /200/,19,19,https://idp-skolverket.dev.eduid.se/EduidSP/2021005208/sso/redirect?SAMLRequest=hZJLT8MwEIT%2FSuR76wd9IKuJVFokKhWImsCBC3LjLbWa2MHrFPj3JC2Pcim3lXb8jWa8E1RVWctpE7Z2Ba8NYIjeq9KiPCxi0ngrnUKD0qoKUIZCZtPbpRR9JmvvgitcSaIpIvhgnJ05i00FPgO%2FNwU8rJYx2YZQo6R0Y3SDoXXo486Ve%2FA7aEeg2das166EsO0jOtrhBU3vs5xE81ZtrOrIvxyj694JQcO%2BD7oxumNdd0OWUsEEZ2wo2CXtmB608VAEEi3mMXlmY8FHY77WfKg105y3QlCqGKjNcCNGopUhNrCwGJQNMWlpgx676AmecyH5UA7YE4nSr%2FhXxmpjX853tT6KUN7kedo7pnsEj4dkrYAkk65xeTD2J39wHqu%2BiyfJfzXjT80TemJ19K3lXctezFNXmuIjmpale5t5UAFiwglNjk%2F%2BHkryCQ%3D%3D&RelayState=cookie%3A1711023340_0dce,189,0,149
1711023340406,189,HTTP Request - fidustest.skolverket-0,302,Thread Group 1-169,,19,19,https://fidustest.skolverket.se/Shibboleth.sso/Login?target=https://fidustest.skolverket.se/secure&entityID=https://idp-skolverket.dev.eduid.se/2021005208,189,0,149
1711023340596,57426,HTTP Request - fidustest.skolverket-1,Non HTTP response code: java.net.SocketException,Thread Group 1-169,,19,19,https://idp-skolverket.dev.eduid.se/EduidSP/2021005208/sso/redirect?SAMLRequest=hZJLT8MwEIT%2FSuR76wd9IKuJVFokKhWImsCBC3LjLbWa2MHrFPj3JC2Pcim3lXb8jWa8E1RVWctpE7Z2Ba8NYIjeq9KiPCxi0ngrnUKD0qoKUIZCZtPbpRR9JmvvgitcSaIpIvhgnJ05i00FPgO%2FNwU8rJYx2YZQo6R0Y3SDoXXo486Ve%2FA7aEeg2das166EsO0jOtrhBU3vs5xE81ZtrOrIvxyj694JQcO%2BD7oxumNdd0OWUsEEZ2wo2CXtmB608VAEEi3mMXlmY8FHY77WfKg105y3QlCqGKjNcCNGopUhNrCwGJQNMWlpgx676AmecyH5UA7YE4nSr%2FhXxmpjX853tT6KUN7kedo7pnsEj4dkrYAkk65xeTD2J39wHqu%2BiyfJfzXjT80TemJ19K3lXctezFNXmuIjmpale5t5UAFiwglNjk%2F%2BHkryCQ%3D%3D&RelayState=cookie%3A1711023340_0dce,0,0,57426
1711023260906,137120,HTTP Request - fidustest.skolverket,Non HTTP response code: java.net.SocketException,Thread Group 1-10,Test failed: code expected to contain /200/,16,16,https://idp-skolverket.dev.eduid.se/EduidSP/2021005208/sso/redirect?SAMLRequest=hZJfT4MwFMW%2FCuk7FDqWaTOWzM3EJVPJQB98MaVcXDPWYm%2BZ%2Bu2F4Z%2F5Mt9uck9%2FJ%2Bf0TlHs64bPW7fVG3htAZ33vq818uMiIa3V3AhUyLXYA3IneTa%2FXXMWhLyxxhlpauLNEcE6ZfTCaGz3YDOwByXhYbNOyNa5BjmllSpbdJ1DgDtTH8DuoBuBZltVFKYGtw0QDe3xjKb3WU68ZadWWvTkX44qG%2F%2BEUMIhgLJVZc%2B67ocspSxkURiOWXhBe6aFUlmQjnirZUKeq9GllGMWF1UkChECFON4EhaTCqJKxoXsZIgtrDQ6oV1COlrshyOfRXnEeBRzFj0RL%2F2Kf6V0qfTL%2Ba6KQYT8Js9Tf0j3CBaPyToBmU37xvnR2J78wXms%2BC6ezP6rGX9qntITq8G34Xcde7VMTa3khzeva%2FO2sCAcJCQidDY8%2BXsos08%3D&RelayState=cookie%3A1711023261_d4b3,234,0,189
1711023260906,234,HTTP Request - fidustest.skolverket-0,302,Thread Group 1-10,,16,16,https://fidustest.skolverket.se/Shibboleth.sso/Login?target=https://fidustest.skolverket.se/secure&entityID=https://idp-skolverket.dev.eduid.se/2021005208,234,0,189
1711023261141,136885,HTTP Request - fidustest.skolverket-1,Non HTTP response code: java.net.SocketException,Thread Group 1-10,,16,16,https://idp-skolverket.dev.eduid.se/EduidSP/2021005208/sso/redirect?SAMLRequest=hZJfT4MwFMW%2FCuk7FDqWaTOWzM3EJVPJQB98MaVcXDPWYm%2BZ%2Bu2F4Z%2F5Mt9uck9%2FJ%2Bf0TlHs64bPW7fVG3htAZ33vq818uMiIa3V3AhUyLXYA3IneTa%2FXXMWhLyxxhlpauLNEcE6ZfTCaGz3YDOwByXhYbNOyNa5BjmllSpbdJ1DgDtTH8DuoBuBZltVFKYGtw0QDe3xjKb3WU68ZadWWvTkX44qG%2F%2BEUMIhgLJVZc%2B67ocspSxkURiOWXhBe6aFUlmQjnirZUKeq9GllGMWF1UkChECFON4EhaTCqJKxoXsZIgtrDQ6oV1COlrshyOfRXnEeBRzFj0RL%2F2Kf6V0qfTL%2Ba6KQYT8Js9Tf0j3CBaPyToBmU37xvnR2J78wXms%2BC6ezP6rGX9qntITq8G34Xcde7VMTa3khzeva%2FO2sCAcJCQidDY8%2BXsos08%3D&RelayState=cookie%3A1711023261_d4b3,0,0,136885
1711023306409,91616,HTTP Request - fidustest.skolverket,Non HTTP response code: java.net.SocketException,Thread Group 1-101,Test failed: code expected to contain /200/,16,16,https://idp-skolverket.dev.eduid.se/EduidSP/2021005208/sso/redirect?SAMLRequest=hZJfT8IwFMW%2FytJ36NYxBg1bMsFEEtSFoQ%2B%2BmLJepGG0s7dD%2FfZu4B98wbeb3NPfyTm9ExT7quZZ47Z6Ca8NoPPe95VGflwkpLGaG4EKuRZ7QO5KXmS3C876Pq%2BtcaY0FfEyRLBOGT01Gps92ALsQZXwsFwkZOtcjZzSjZINutahjztTHcDuoB2BFlu1XpsK3LaPaGiHZzS%2FL1bEm7VqpUVH%2FuUoWffOCBIOfZCNkh3ruhuKnDKfBb4fMX9EO6YFqSyUjnjzWUKe2QYGMt4IfxDH4ziKwnE8EmEomYByFLBhK0NsYK7RCe0S0tIGPT%2FssWAVMB5E3B8%2BES%2F%2Fin%2BltFT65XJX65MI%2Bc1qlfdO6R7B4jFZKyDppGucH43t2R9cxorv4kn6X834U%2FOEnlmdfGt%2B17Lns9xUqvzwsqoyb1MLwkFCAkLT05O%2Fh5J%2BAg%3D%3D&RelayState=cookie%3A1711023306_d201,148,0,103
1711023306409,148,HTTP Request - fidustest.skolverket-0,302,Thread Group 1-101,,16,16,https://fidustest.skolverket.se/Shibboleth.sso/Login?target=https://fidustest.skolverket.se/secure&entityID=https://idp-skolverket.dev.eduid.se/2021005208,148,0,103
1711023306557,91468,HTTP Request - fidustest.skolverket-1,Non HTTP response code: java.net.SocketException,Thread Group 1-101,,16,16,https://idp-skolverket.dev.eduid.se/EduidSP/2021005208/sso/redirect?SAMLRequest=hZJfT8IwFMW%2FytJ36NYxBg1bMsFEEtSFoQ%2B%2BmLJepGG0s7dD%2FfZu4B98wbeb3NPfyTm9ExT7quZZ47Z6Ca8NoPPe95VGflwkpLGaG4EKuRZ7QO5KXmS3C876Pq%2BtcaY0FfEyRLBOGT01Gps92ALsQZXwsFwkZOtcjZzSjZINutahjztTHcDuoB2BFlu1XpsK3LaPaGiHZzS%2FL1bEm7VqpUVH%2FuUoWffOCBIOfZCNkh3ruhuKnDKfBb4fMX9EO6YFqSyUjnjzWUKe2QYGMt4IfxDH4ziKwnE8EmEomYByFLBhK0NsYK7RCe0S0tIGPT%2FssWAVMB5E3B8%2BES%2F%2Fin%2BltFT65XJX65MI%2Bc1qlfdO6R7B4jFZKyDppGucH43t2R9cxorv4kn6X834U%2FOEnlmdfGt%2B17Lns9xUqvzwsqoyb1MLwkFCAkLT05O%2Fh5J%2BAg%3D%3D&RelayState=cookie%3A1711023306_d201,0,0,91468
1711023259407,138620,HTTP Request - fidustest.skolverket,Non HTTP response code: java.net.SocketException,Thread Group 1-7,Test failed: code expected to contain /200/,16,16,https://idp-skolverket.dev.eduid.se/EduidSP/2021005208/sso/redirect?SAMLRequest=hZJLb4MwEIT%2FCvI9MRgIiRWQaFKpkdIWhbSHXioem2IFbOo1afvvC0kf6SW9rbTjbzTjnWPW1C2PO1PJDbx2gMZ6b2qJ%2FLgISaclVxkK5DJrALkpeBrfrjkb27zVyqhC1cSKEUEboeRCSewa0CnogyjgYbMOSWVMi5zSnSg7NL3DGPeqPoDeQz8CTSuR56oGU40RFR3wjCb36ZZYy14tZDaQfzmibEdnhBIOYyg7UQ6s62FIE8ps5ti2z%2BwpHZgaSqGhMMRaLUPynOfZxPdmjE28aQDTMvDd3HdtN%2FD9YBcUfi9D7GAl0WTShKSneSPbHTFn6zDueNyZPREr%2BYp%2FJWQp5MvlrvKTCPnNdpuMTukeQeMxWS8g0XxonB%2BN9dkfXMZm38WT6L%2Ba8afmOT2zOvm2%2FK5nr5aJqkXxYcV1rd4WGjIDIXEIjU5P%2Fh5K9Ak%3D&RelayState=cookie%3A1711023259_c84b,147,0,91
1711023259407,147,HTTP Request - fidustest.skolverket-0,302,Thread Group 1-7,,16,16,https://fidustest.skolverket.se/Shibboleth.sso/Login?target=https://fidustest.skolverket.se/secure&entityID=https://idp-skolverket.dev.eduid.se/2021005208,147,0,91
1711023259555,138472,HTTP Request - fidustest.skolverket-1,Non HTTP response code: java.net.SocketException,Thread Group 1-7,,16,16,https://idp-skolverket.dev.eduid.se/EduidSP/2021005208/sso/redirect?SAMLRequest=hZJLb4MwEIT%2FCvI9MRgIiRWQaFKpkdIWhbSHXioem2IFbOo1afvvC0kf6SW9rbTjbzTjnWPW1C2PO1PJDbx2gMZ6b2qJ%2FLgISaclVxkK5DJrALkpeBrfrjkb27zVyqhC1cSKEUEboeRCSewa0CnogyjgYbMOSWVMi5zSnSg7NL3DGPeqPoDeQz8CTSuR56oGU40RFR3wjCb36ZZYy14tZDaQfzmibEdnhBIOYyg7UQ6s62FIE8ps5ti2z%2BwpHZgaSqGhMMRaLUPynOfZxPdmjE28aQDTMvDd3HdtN%2FD9YBcUfi9D7GAl0WTShKSneSPbHTFn6zDueNyZPREr%2BYp%2FJWQp5MvlrvKTCPnNdpuMTukeQeMxWS8g0XxonB%2BN9dkfXMZm38WT6L%2Ba8afmOT2zOvm2%2FK5nr5aJqkXxYcV1rd4WGjIDIXEIjU5P%2Fh5K9Ak%3D&RelayState=cookie%3A1711023259_c84b,0,0,138472
1711023319911,78113,HTTP Request - fidustest.skolverket,Non HTTP response code: java.net.SocketException,Thread Group 1-128,Test failed: code expected to contain /200/,15,15,https://idp-skolverket.dev.eduid.se/EduidSP/2021005208/sso/redirect?SAMLRequest=hZJfT4MwFMW%2FCuk7FLrhtBkkczNxyVQypg%2B%2BmI5epRm02Fumfnth%2BGe%2BzLeb3NPfyTm9UxR11fBZ60q9htcW0HnvdaWRHxYJaa3mRqBCrkUNyF3B89nNirMg5I01zhSmIt4MEaxTRs%2BNxrYGm4PdqwLu16uElM41yCl9VrJF1zkEuDPVHuwOuhFoXqrt1lTgygDR0B7PaHaXb4i36NRKi578y1Gy8Y8IEvYByFbJnnXVD3lGWciiMIxZeE57pgWpLBSOeMtFQp5iEY0no4KdRxdnYjQKJ5KB3Io4LsRYgIBOhtjCUqMT2iWko439cOSzaBMxHsWchY%2FEy77iXyotlX453dV2ECG%2F3mwyf0j3ABYPyToBSad94%2FxgbI%2F%2B4DRWfBdP0v9qxp%2Bap%2FTIavBt%2BG3HXi4yU6niw5tVlXmbWxAOEhIRmg5P%2Fh5K%2Bgk%3D&RelayState=cookie%3A1711023320_789e,164,0,109
1711023319911,165,HTTP Request - fidustest.skolverket-0,302,Thread Group 1-128,,15,15,https://fidustest.skolverket.se/Shibboleth.sso/Login?target=https://fidustest.skolverket.se/secure&entityID=https://idp-skolverket.dev.eduid.se/2021005208,164,0,109
1711023320077,77947,HTTP Request - fidustest.skolverket-1,Non HTTP response code: java.net.SocketException,Thread Group 1-128,,15,15,https://idp-skolverket.dev.eduid.se/EduidSP/2021005208/sso/redirect?SAMLRequest=hZJfT4MwFMW%2FCuk7FLrhtBkkczNxyVQypg%2B%2BmI5epRm02Fumfnth%2BGe%2BzLeb3NPfyTm9UxR11fBZ60q9htcW0HnvdaWRHxYJaa3mRqBCrkUNyF3B89nNirMg5I01zhSmIt4MEaxTRs%2BNxrYGm4PdqwLu16uElM41yCl9VrJF1zkEuDPVHuwOuhFoXqrt1lTgygDR0B7PaHaXb4i36NRKi578y1Gy8Y8IEvYByFbJnnXVD3lGWciiMIxZeE57pgWpLBSOeMtFQp5iEY0no4KdRxdnYjQKJ5KB3Io4LsRYgIBOhtjCUqMT2iWko439cOSzaBMxHsWchY%2FEy77iXyotlX453dV2ECG%2F3mwyf0j3ABYPyToBSad94%2FxgbI%2F%2B4DRWfBdP0v9qxp%2Bap%2FTIavBt%2BG3HXi4yU6niw5tVlXmbWxAOEhIRmg5P%2Fh5K%2Bgk%3D&RelayState=cookie%3A1711023320_789e,0,0,77947
1711023330409,67614,HTTP Request - fidustest.skolverket,Non HTTP response code: java.net.SocketException,Thread Group 1-149,Test failed: code expected to contain /200/,13,13,https://idp-skolverket.dev.eduid.se/EduidSP/2021005208/sso/redirect?SAMLRequest=hZJLT8MwEIT%2FSuR76sR9QKwmUmmRqFQgagIHLsiJt9RqagevU%2BDfkzQ8yqXcVtrxN5rxTlHsq5rPGrfVa3htAJ33vq808uMiJo3V3AhUyLXYA3JX8mx2u%2BJsEPDaGmdKUxFvhgjWKaPnRmOzB5uBPagSHtarmGydq5FTulGyQdc6DHBnqgPYHbQj0GyrisJU4LYDREM7PKPpfZYTb9GqlRYd%2BZejZO2fECQcBiAbJTvWdTdkKWUBC4NgzIJL2jEtSGWhdMRbLmLyLIWMxKYYhUEpRTTZFOyilBDJsmCXo8k4amWIDSw1OqFdTFrayA%2BGPgvzkPFwzIfBE%2FHSr%2FhXSkulX853VfQi5Dd5nvp9ukeweEzWCkgy7RrnR2N78gfnseK7eJL8VzP%2B1DylJ1a9b83vWvZykZpKlR%2FerKrM29yCcBCTkNCkf%2FL3UJJP&RelayState=cookie%3A1711023330_bec7,163,0,113
1711023330409,163,HTTP Request - fidustest.skolverket-0,302,Thread Group 1-149,,13,13,https://fidustest.skolverket.se/Shibboleth.sso/Login?target=https://fidustest.skolverket.se/secure&entityID=https://idp-skolverket.dev.eduid.se/2021005208,163,0,113
1711023330573,67450,HTTP Request - fidustest.skolverket-1,Non HTTP response code: java.net.SocketException,Thread Group 1-149,,13,13,https://idp-skolverket.dev.eduid.se/EduidSP/2021005208/sso/redirect?SAMLRequest=hZJLT8MwEIT%2FSuR76sR9QKwmUmmRqFQgagIHLsiJt9RqagevU%2BDfkzQ8yqXcVtrxN5rxTlHsq5rPGrfVa3htAJ33vq808uMiJo3V3AhUyLXYA3JX8mx2u%2BJsEPDaGmdKUxFvhgjWKaPnRmOzB5uBPagSHtarmGydq5FTulGyQdc6DHBnqgPYHbQj0GyrisJU4LYDREM7PKPpfZYTb9GqlRYd%2BZejZO2fECQcBiAbJTvWdTdkKWUBC4NgzIJL2jEtSGWhdMRbLmLyLIWMxKYYhUEpRTTZFOyilBDJsmCXo8k4amWIDSw1OqFdTFrayA%2BGPgvzkPFwzIfBE%2FHSr%2FhXSkulX853VfQi5Dd5nvp9ukeweEzWCkgy7RrnR2N78gfnseK7eJL8VzP%2B1DylJ1a9b83vWvZykZpKlR%2FerKrM29yCcBCTkNCkf%2FL3UJJP&RelayState=cookie%3A1711023330_bec7,0,0,67450
1711023289405,108622,HTTP Request - fidustest.skolverket,Non HTTP response code: java.net.SocketException,Thread Group 1-67,Test failed: code expected to contain /200/,13,13,https://idp-skolverket.dev.eduid.se/EduidSP/2021005208/sso/redirect?SAMLRequest=hZJfT8IwFMW%2FytJ31q5MkIYtQTCRBHVh6IMvpqwXadja2duhfns38A%2B%2B4NtN7unv5JzeMcqqrMWk8VuzhNcG0AfvVWlQHBYJaZwRVqJGYWQFKHwh8sntQvCQidpZbwtbkmCCCM5ra6bWYFOBy8HtdQEPy0VCtt7XKCjdaNWgbx1C3NlyD24H7Qg03%2Br12pbgtyGipR2e0%2Bw%2BX5Fg1qq1kR35l6NV3TshKNiHoBqtOtZ1N%2BQZ5YxHjF1wdkk7pgOlHRSeBPNZQp55POpLiBWwuOCwGY6G8XDAVCEBYMCYamWIDcwNeml8Qlpa3GP9Ho9WERdRLOLREwmyr%2FhX2ihtXs53tT6KUNysVlnvmO4RHB6StQKSjrvGxcHYnfzBeaz8Lp6k%2F9WMPzWP6YnV0bcWdy17PstsqYuPYFKW9m3qQHpISERoenzy91DSTw%3D%3D&RelayState=cookie%3A1711023289_c583,150,0,104
1711023289405,150,HTTP Request - fidustest.skolverket-0,302,Thread Group 1-67,,13,13,https://fidustest.skolverket.se/Shibboleth.sso/Login?target=https://fidustest.skolverket.se/secure&entityID=https://idp-skolverket.dev.eduid.se/2021005208,150,0,104
1711023289555,108472,HTTP Request - fidustest.skolverket-1,Non HTTP response code: java.net.SocketException,Thread Group 1-67,,13,13,https://idp-skolverket.dev.eduid.se/EduidSP/2021005208/sso/redirect?SAMLRequest=hZJfT8IwFMW%2FytJ31q5MkIYtQTCRBHVh6IMvpqwXadja2duhfns38A%2B%2B4NtN7unv5JzeMcqqrMWk8VuzhNcG0AfvVWlQHBYJaZwRVqJGYWQFKHwh8sntQvCQidpZbwtbkmCCCM5ra6bWYFOBy8HtdQEPy0VCtt7XKCjdaNWgbx1C3NlyD24H7Qg03%2Br12pbgtyGipR2e0%2Bw%2BX5Fg1qq1kR35l6NV3TshKNiHoBqtOtZ1N%2BQZ5YxHjF1wdkk7pgOlHRSeBPNZQp55POpLiBWwuOCwGY6G8XDAVCEBYMCYamWIDcwNeml8Qlpa3GP9Ho9WERdRLOLREwmyr%2FhX2ihtXs53tT6KUNysVlnvmO4RHB6StQKSjrvGxcHYnfzBeaz8Lp6k%2F9WMPzWP6YnV0bcWdy17PstsqYuPYFKW9m3qQHpISERoenzy91DSTw%3D%3D&RelayState=cookie%3A1711023289_c583,0,0,108472
1711023321410,76615,HTTP Request - fidustest.skolverket,Non HTTP response code: java.net.SocketException,Thread Group 1-131,Test failed: code expected to contain /200/,10,10,https://idp-skolverket.dev.eduid.se/EduidSP/2021005208/sso/redirect?SAMLRequest=hZJLT8MwEIT%2FSuR749hJoLWaSqFFolKBqCkcuKA8ttRqYgevU%2BDfkzQ8yqXcVtrxN5rxTjGrq0bErd2pNby2gNZ5ryuF4riISGuU0BlKFCqrAYUtRBrfrgR3PdEYbXWhK%2BLEiGCs1GquFbY1mBTMQRbwsF5FZGdtg4LSrSxbtJ2Di3tdHcDsoRuBpjuZ57oCu3MRNe3xnCb36YY4i04tVdaTfzmybEYnhBIOLpStLHvWdT%2BkCeUeZ54Xcm9Me6aBUhooLHGWi4g8B8AmXuhvw5BlPN9eji%2FH%2BcS%2FCIKJvw3ynHcyxBaWCm2mbEQ6WjDy%2FBFnG8YFCwVnT8RJvuJfSVVK9XK%2Bq3wQobjZbJLRkO4RDB6TdQIym%2FaNi6OxOfmD89jsu3gy%2B69m%2FKl5Sk%2BsBt9G3HXs5SLRlSw%2BnLiq9NvcQGYhIozQ2fDk76HMPgE%3D&RelayState=cookie%3A1711023321_4366,196,0,98
1711023321410,196,HTTP Request - fidustest.skolverket-0,302,Thread Group 1-131,,10,10,https://fidustest.skolverket.se/Shibboleth.sso/Login?target=https://fidustest.skolverket.se/secure&entityID=https://idp-skolverket.dev.eduid.se/2021005208,196,0,98
1711023321608,76417,HTTP Request - fidustest.skolverket-1,Non HTTP response code: java.net.SocketException,Thread Group 1-131,,10,10,https://idp-skolverket.dev.eduid.se/EduidSP/2021005208/sso/redirect?SAMLRequest=hZJLT8MwEIT%2FSuR749hJoLWaSqFFolKBqCkcuKA8ttRqYgevU%2BDfkzQ8yqXcVtrxN5rxTjGrq0bErd2pNby2gNZ5ryuF4riISGuU0BlKFCqrAYUtRBrfrgR3PdEYbXWhK%2BLEiGCs1GquFbY1mBTMQRbwsF5FZGdtg4LSrSxbtJ2Di3tdHcDsoRuBpjuZ57oCu3MRNe3xnCb36YY4i04tVdaTfzmybEYnhBIOLpStLHvWdT%2BkCeUeZ54Xcm9Me6aBUhooLHGWi4g8B8AmXuhvw5BlPN9eji%2FH%2BcS%2FCIKJvw3ynHcyxBaWCm2mbEQ6WjDy%2FBFnG8YFCwVnT8RJvuJfSVVK9XK%2Bq3wQobjZbJLRkO4RDB6TdQIym%2FaNi6OxOfmD89jsu3gy%2B69m%2FKl5Sk%2BsBt9G3HXs5SLRlSw%2BnLiq9NvcQGYhIozQ2fDk76HMPgE%3D&RelayState=cookie%3A1711023321_4366,0,0,76417
1711023295406,102623,HTTP Request - fidustest.skolverket,Non HTTP response code: java.net.SocketException,Thread Group 1-79,Test failed: code expected to contain /200/,10,10,https://idp-skolverket.dev.eduid.se/EduidSP/2021005208/sso/redirect?SAMLRequest=hZJLb8IwEIT%2FSuQ7ODEJD4sgUahUJNpGhPbQS%2BU4S2OR2KnXoe2%2FbwJ90Au9rbTjbzTjnaKoyprPG1foDbw2gM57r0qN%2FLiISWM1NwIVci0qQO4kT%2Be3a876Pq%2BtcUaaknhzRLBOGb0wGpsKbAr2oCQ8bNYxKZyrkVO6U3mDrnXo496UB7B7aEegaaGyzJTgij6ioR2e0eQ%2B3RJv2aqVFh35l6PyundGyOHQh7xRece67oY0ocxnge9HzB%2FTjmkhVxakI95qGZPnkYDJjsloFITRYDKSmRyMmByGkczycAyilSE2sNLohHYxaWlhzx%2F0WLANGA9CHg2fiJd8xb9SOlf65XJX2UmE%2FGa7TXqndI9g8ZisFZDZtGucH43t2R9cxorv4snsv5rxp%2BYpPbM6%2Bdb8rmWvlokplfzw5mVp3hYWhIOYBITOTk%2F%2BHsrsEw%3D%3D&RelayState=cookie%3A1711023296_66f8,1160,0,1114
1711023295406,1160,HTTP Request - fidustest.skolverket-0,302,Thread Group 1-79,,10,10,https://fidustest.skolverket.se/Shibboleth.sso/Login?target=https://fidustest.skolverket.se/secure&entityID=https://idp-skolverket.dev.eduid.se/2021005208,1160,0,1114
1711023296566,101463,HTTP Request - fidustest.skolverket-1,Non HTTP response code: java.net.SocketException,Thread Group 1-79,,10,10,https://idp-skolverket.dev.eduid.se/EduidSP/2021005208/sso/redirect?SAMLRequest=hZJLb8IwEIT%2FSuQ7ODEJD4sgUahUJNpGhPbQS%2BU4S2OR2KnXoe2%2FbwJ90Au9rbTjbzTjnaKoyprPG1foDbw2gM57r0qN%2FLiISWM1NwIVci0qQO4kT%2Be3a876Pq%2BtcUaaknhzRLBOGb0wGpsKbAr2oCQ8bNYxKZyrkVO6U3mDrnXo496UB7B7aEegaaGyzJTgij6ioR2e0eQ%2B3RJv2aqVFh35l6PyundGyOHQh7xRece67oY0ocxnge9HzB%2FTjmkhVxakI95qGZPnkYDJjsloFITRYDKSmRyMmByGkczycAyilSE2sNLohHYxaWlhzx%2F0WLANGA9CHg2fiJd8xb9SOlf65XJX2UmE%2FGa7TXqndI9g8ZisFZDZtGucH43t2R9cxorv4snsv5rxp%2BYpPbM6%2Bdb8rmWvlokplfzw5mVp3hYWhIOYBITOTk%2F%2BHsrsEw%3D%3D&RelayState=cookie%3A1711023296_66f8,0,0,101463
1711023334907,63117,HTTP Request - fidustest.skolverket,Non HTTP response code: java.net.SocketException,Thread Group 1-158,Test failed: code expected to contain /200/,10,10,https://idp-skolverket.dev.eduid.se/EduidSP/2021005208/sso/redirect?SAMLRequest=hZJdT4MwGIX%2FCun9KDD2YTOWzM3EJVPJQC%2B8MV37Ks2gxb5l6r8Xhh%2FzZt6dpKfPyTntDHlV1mzRuEJv4bUBdN57VWpkx4OENFYzw1Eh07wCZE6wbHGzYZEfsNoaZ4QpibdABOuU0UujsanAZmAPSsD9dpOQwrkaGaXPSjbo2gQf96Y8gN1DK4FmhdrtTAmu8BEN7fARTe%2BynHir1q0078i%2FHCXrwQlBwsEH2SjZsa46kaU0CqIwCEZRMKUd04JUFoQj3nqVkKf4QsSTMZfDWEzDiZzE04iL8WjYiiCAMW9tiA2sNTquXUJaWjwIhoMozMOIhSM2HD0SL%2F2qf6m0VPrl%2FFa73oTsOs%2FTQd%2FuASwem7UGMp91i7NjsD15g%2FNY%2Fj08mf83M%2F7MPKMnUX1uzW5b9nqVmlKJD29RluZtaYE7SEhI6Ly%2F8vejzD8B&RelayState=cookie%3A1711023335_3f93,158,0,114
1711023334907,158,HTTP Request - fidustest.skolverket-0,302,Thread Group 1-158,,10,10,https://fidustest.skolverket.se/Shibboleth.sso/Login?target=https://fidustest.skolverket.se/secure&entityID=https://idp-skolverket.dev.eduid.se/2021005208,158,0,114
1711023335066,62958,HTTP Request - fidustest.skolverket-1,Non HTTP response code: java.net.SocketException,Thread Group 1-158,,10,10,https://idp-skolverket.dev.eduid.se/EduidSP/2021005208/sso/redirect?SAMLRequest=hZJdT4MwGIX%2FCun9KDD2YTOWzM3EJVPJQC%2B8MV37Ks2gxb5l6r8Xhh%2FzZt6dpKfPyTntDHlV1mzRuEJv4bUBdN57VWpkx4OENFYzw1Eh07wCZE6wbHGzYZEfsNoaZ4QpibdABOuU0UujsanAZmAPSsD9dpOQwrkaGaXPSjbo2gQf96Y8gN1DK4FmhdrtTAmu8BEN7fARTe%2BynHir1q0078i%2FHCXrwQlBwsEH2SjZsa46kaU0CqIwCEZRMKUd04JUFoQj3nqVkKf4QsSTMZfDWEzDiZzE04iL8WjYiiCAMW9tiA2sNTquXUJaWjwIhoMozMOIhSM2HD0SL%2F2qf6m0VPrl%2FFa73oTsOs%2FTQd%2FuASwem7UGMp91i7NjsD15g%2FNY%2Fj08mf83M%2F7MPKMnUX1uzW5b9nqVmlKJD29RluZtaYE7SEhI6Ly%2F8vejzD8B&RelayState=cookie%3A1711023335_3f93,0,0,62958
1711023259904,138124,HTTP Request - fidustest.skolverket,Non HTTP response code: java.net.SocketException,Thread Group 1-8,Test failed: code expected to contain /200/,8,8,https://idp-skolverket.dev.eduid.se/EduidSP/2021005208/sso/redirect?SAMLRequest=hZJfT8IwFMW%2FytL30W6wAA1bgmAiCerCpg%2B%2BmG69SMNoZ2%2BH%2Bu3dmH%2FwBd9u2tPfyTm3MxSHqubzxu30Bl4bQOe9HyqN%2FHQRk8ZqbgQq5FocALkreTa%2FXfNwwHhtjTOlqYg3RwTrlNELo7E5gM3AHlUJD5t1THbO1cgp3SrZoGsdBrg31RHsHtoRaLZTRWEqcLsBoqEdPqTpfZYTb9mqlRYd%2BZejZO2fESQcByAbJTvWdTdkKQ1ZGDAWhWxCO6YFqSyUjnirZUyexSiaBFsZsEiOWTllIiqioZhORdGejtm4lSE2sNLohHYxaWkjnw39MMiDkAcjHrIn4qVf8a%2BUlkq%2FXO6q6EXIb%2FI89ft0j2DxlKwVkGTWNc5PxvZsB5ex4rt4kvxXM%2F7UPKNnVr1vze9a9mqZmkqVH968qszbwoJwEJOA0KR%2F8vejJJ8%3D&RelayState=cookie%3A1711023260_23ae,113,0,73
1711023259904,113,HTTP Request - fidustest.skolverket-0,302,Thread Group 1-8,,8,8,https://fidustest.skolverket.se/Shibboleth.sso/Login?target=https://fidustest.skolverket.se/secure&entityID=https://idp-skolverket.dev.eduid.se/2021005208,113,0,73
1711023260017,138011,HTTP Request - fidustest.skolverket-1,Non HTTP response code: java.net.SocketException,Thread Group 1-8,,8,8,https://idp-skolverket.dev.eduid.se/EduidSP/2021005208/sso/redirect?SAMLRequest=hZJfT8IwFMW%2FytL30W6wAA1bgmAiCerCpg%2B%2BmG69SMNoZ2%2BH%2Bu3dmH%2FwBd9u2tPfyTm3MxSHqubzxu30Bl4bQOe9HyqN%2FHQRk8ZqbgQq5FocALkreTa%2FXfNwwHhtjTOlqYg3RwTrlNELo7E5gM3AHlUJD5t1THbO1cgp3SrZoGsdBrg31RHsHtoRaLZTRWEqcLsBoqEdPqTpfZYTb9mqlRYd%2BZejZO2fESQcByAbJTvWdTdkKQ1ZGDAWhWxCO6YFqSyUjnirZUyexSiaBFsZsEiOWTllIiqioZhORdGejtm4lSE2sNLohHYxaWkjnw39MMiDkAcjHrIn4qVf8a%2BUlkq%2FXO6q6EXIb%2FI89ft0j2DxlKwVkGTWNc5PxvZsB5ex4rt4kvxXM%2F7UPKNnVr1vze9a9mqZmkqVH968qszbwoJwEJOA0KR%2F8vejJJ8%3D&RelayState=cookie%3A1711023260_23ae,0,0,138011
1711023350904,47121,HTTP Request - fidustest.skolverket,Non HTTP response code: java.net.SocketException,Thread Group 1-190,Test failed: code expected to contain /200/,8,8,https://idp-skolverket.dev.eduid.se/EduidSP/2021005208/sso/redirect?SAMLRequest=hZJfT4MwFMW%2FCuk7lLLhZjNIcDNxyVQy0AdfTAd3rhm02Fumfnth%2BGe%2BzLeb9vR3cs7tDEVdNTxp7U6t4bUFtM57XSnkx4uItEZxLVAiV6IG5LbgWXK74oHn88ZoqwtdESdBBGOlVnOtsK3BZGAOsoCH9SoiO2sb5JRuZdmi7Rw83OvqAGYP3Qg028nNRldgdx6ipj0%2BoOl9lhNn0amlEj35lyPLxj0hlHDwoGxl2bOu%2ByFLaeAHzPfDwJ%2FSnmmglAYKS5zlIiLP%2FflkxKbj8EJMJqNiGwiYQrj1x6y8FGzbyRBbWCq0QtmIdLSx64%2FcgOUs4CzkIXsiTvoV%2F0qqUqqX811tBhHymzxP3SHdIxg8JusEJJ71jfOjsTnZwXms%2BC6exP%2FVjD81z%2BiJ1eDb8LuOvVykupLFh5NUlX6bGxAWIsIIjYcnfz9K%2FAk%3D&RelayState=cookie%3A1711023351_6951,190,0,92
1711023350904,190,HTTP Request - fidustest.skolverket-0,302,Thread Group 1-190,,8,8,https://fidustest.skolverket.se/Shibboleth.sso/Login?target=https://fidustest.skolverket.se/secure&entityID=https://idp-skolverket.dev.eduid.se/2021005208,190,0,92
1711023351095,46930,HTTP Request - fidustest.skolverket-1,Non HTTP response code: java.net.SocketException,Thread Group 1-190,,8,8,https://idp-skolverket.dev.eduid.se/EduidSP/2021005208/sso/redirect?SAMLRequest=hZJfT4MwFMW%2FCuk7lLLhZjNIcDNxyVQy0AdfTAd3rhm02Fumfnth%2BGe%2BzLeb9vR3cs7tDEVdNTxp7U6t4bUFtM57XSnkx4uItEZxLVAiV6IG5LbgWXK74oHn88ZoqwtdESdBBGOlVnOtsK3BZGAOsoCH9SoiO2sb5JRuZdmi7Rw83OvqAGYP3Qg028nNRldgdx6ipj0%2BoOl9lhNn0amlEj35lyPLxj0hlHDwoGxl2bOu%2ByFLaeAHzPfDwJ%2FSnmmglAYKS5zlIiLP%2FflkxKbj8EJMJqNiGwiYQrj1x6y8FGzbyRBbWCq0QtmIdLSx64%2FcgOUs4CzkIXsiTvoV%2F0qqUqqX811tBhHymzxP3SHdIxg8JusEJJ71jfOjsTnZwXms%2BC6exP%2FVjD81z%2BiJ1eDb8LuOvVykupLFh5NUlX6bGxAWIsIIjYcnfz9K%2FAk%3D&RelayState=cookie%3A1711023351_6951,0,0,46930
1711023328909,69116,HTTP Request - fidustest.skolverket,Non HTTP response code: java.net.SocketException,Thread Group 1-146,Test failed: code expected to contain /200/,6,6,https://idp-skolverket.dev.eduid.se/EduidSP/2021005208/sso/redirect?SAMLRequest=hZJLb8IwEIT%2FSuQ72DGPUIsgUahUpD4iQnvopXLiTWMR7NTr0PbfN4E%2B6IXeVtrxN5rxTlHuqlrMG1%2BaNbw2gD5431UGxWERk8YZYSVqFEbuAIXPRTq%2FvRG8z0TtrLe5rUgwRwTntTULa7DZgUvB7XUOD%2BubmJTe1ygoLbRq0LcOfdzaag9uC%2B0INC11ltkKfNlHtLTDc5rcpxsSLFu1NrIj%2F3K0qnsnBAX7PqhGq4511Q1pQjnjIWMjzia0YzpQ2kHuSbBaxuQ5isZFkbEJg0hKFkWjgVI5DHmWT8bFIJStDLGBlUEvjY9JSxv22KDHw03IRTgS%2FOKJBMlX%2FEttlDYv57vKjiIU15tN0jumewSHh2StgMymXePiYOxO%2FuA8Vn4XT2b%2F1Yw%2FNU%2FpidXRtxZ3LXu1TGyl849gXlX2beFAeohJSOjs%2BOTvocw%2BAQ%3D%3D&RelayState=cookie%3A1711023329_3bb2,173,0,125
1711023328909,173,HTTP Request - fidustest.skolverket-0,302,Thread Group 1-146,,6,6,https://fidustest.skolverket.se/Shibboleth.sso/Login?target=https://fidustest.skolverket.se/secure&entityID=https://idp-skolverket.dev.eduid.se/2021005208,173,0,125
1711023329082,68943,HTTP Request - fidustest.skolverket-1,Non HTTP response code: java.net.SocketException,Thread Group 1-146,,6,6,https://idp-skolverket.dev.eduid.se/EduidSP/2021005208/sso/redirect?SAMLRequest=hZJLb8IwEIT%2FSuQ72DGPUIsgUahUpD4iQnvopXLiTWMR7NTr0PbfN4E%2B6IXeVtrxN5rxTlHuqlrMG1%2BaNbw2gD5431UGxWERk8YZYSVqFEbuAIXPRTq%2FvRG8z0TtrLe5rUgwRwTntTULa7DZgUvB7XUOD%2BubmJTe1ygoLbRq0LcOfdzaag9uC%2B0INC11ltkKfNlHtLTDc5rcpxsSLFu1NrIj%2F3K0qnsnBAX7PqhGq4511Q1pQjnjIWMjzia0YzpQ2kHuSbBaxuQ5isZFkbEJg0hKFkWjgVI5DHmWT8bFIJStDLGBlUEvjY9JSxv22KDHw03IRTgS%2FOKJBMlX%2FEttlDYv57vKjiIU15tN0jumewSHh2StgMymXePiYOxO%2FuA8Vn4XT2b%2F1Yw%2FNU%2FpidXRtxZ3LXu1TGyl849gXlX2beFAeohJSOjs%2BOTvocw%2BAQ%3D%3D&RelayState=cookie%3A1711023329_3bb2,0,0,68943
1711023341408,56617,HTTP Request - fidustest.skolverket,Non HTTP response code: java.net.SocketException,Thread Group 1-171,Test failed: code expected to contain /200/,5,5,https://idp-skolverket.dev.eduid.se/EduidSP/2021005208/sso/redirect?SAMLRequest=hZJfb4IwFMW%2FCum7lKKgNmLidMlM3EaE7WEvS4HLbMSW9Ra3ffuB7I97cW83uae%2Fk3N6ZygOVc0Xjd2pLbw2gNZ5P1QK%2BWkRkcYorgVK5EocALnNebK43XDf9XhttNW5roizQARjpVZLrbA5gEnAHGUOD9tNRHbW1sgpLWXRoG0dXNzr6ghmD%2B0INNnJLNMV2J2LqGmH92l8n6TEWbVqqURH%2FuXIoh6cEQo4ulA0suhY192QxNT3fOZ5ge9NaMc0UEgDuSXOehWR5%2BnYBy8sAxFOy1CwImTZEETujYNykrGxaGWIDawVWqFsRFraaOANBz5Lmc9ZwEfsiTjxV%2FwrqQqpXi53lfUi5DdpGg%2F6dI9g8JSsFZD5rGucn4zN2R9cxorv4sn8v5rxp%2BYZPbPqfWt%2B17LXq1hXMv9wFlWl35YGhIWIMELn%2FZO%2FhzL%2FBA%3D%3D&RelayState=cookie%3A1711023341_31ed,163,0,78
1711023341408,163,HTTP Request - fidustest.skolverket-0,302,Thread Group 1-171,,5,5,https://fidustest.skolverket.se/Shibboleth.sso/Login?target=https://fidustest.skolverket.se/secure&entityID=https://idp-skolverket.dev.eduid.se/2021005208,163,0,78
1711023341573,56452,HTTP Request - fidustest.skolverket-1,Non HTTP response code: java.net.SocketException,Thread Group 1-171,,5,5,https://idp-skolverket.dev.eduid.se/EduidSP/2021005208/sso/redirect?SAMLRequest=hZJfb4IwFMW%2FCum7lKKgNmLidMlM3EaE7WEvS4HLbMSW9Ra3ffuB7I97cW83uae%2Fk3N6ZygOVc0Xjd2pLbw2gNZ5P1QK%2BWkRkcYorgVK5EocALnNebK43XDf9XhttNW5roizQARjpVZLrbA5gEnAHGUOD9tNRHbW1sgpLWXRoG0dXNzr6ghmD%2B0INNnJLNMV2J2LqGmH92l8n6TEWbVqqURH%2FuXIoh6cEQo4ulA0suhY192QxNT3fOZ5ge9NaMc0UEgDuSXOehWR5%2BnYBy8sAxFOy1CwImTZEETujYNykrGxaGWIDawVWqFsRFraaOANBz5Lmc9ZwEfsiTjxV%2FwrqQqpXi53lfUi5DdpGg%2F6dI9g8JSsFZD5rGucn4zN2R9cxorv4sn8v5rxp%2BYZPbPqfWt%2B17LXq1hXMv9wFlWl35YGhIWIMELn%2FZO%2FhzL%2FBA%3D%3D&RelayState=cookie%3A1711023341_31ed,0,0,56452
1711023284409,113621,HTTP Request - fidustest.skolverket,Non HTTP response code: java.net.SocketException,Thread Group 1-57,Test failed: code expected to contain /200/,3,3,https://idp-skolverket.dev.eduid.se/EduidSP/2021005208/sso/redirect?SAMLRequest=hZJLT8MwEIT%2FSuR7a%2BfRAlYTKbRIVOIRNYEDF%2BTGW2I1tYPXKfDvSRoe5VJuK%2B34G814Zyh2dcPT1lV6Ba8toPPed7VGfljEpLWaG4EKuRY7QO5Knqe3NzwYM95Y40xpauKliGCdMnpuNLY7sDnYvSrhYXUTk8q5BjmlGyVbdJ3DGLem3oPdQjcCzSu1XpsaXDVGNLTHBzS7zwviLTq10qIn%2F3KUbEZHBAn7MchWyZ511Q95RgMW%2BIxNAnZOe6YFqSyUjnjLRUyeIyZlFIZnMpAC%2FInwRck20xAuNqycRNNpJ0NsYanRCe1i0tGiEQtHgV%2F4AfcjHkVPxMu%2B4l8qLZV%2BOd3VehAhvy6KbDSkewSLh2SdgCSzvnF%2BMLZHf3AaK76LJ8l%2FNeNPzTN6ZDX4NvyuYy8XmalV%2BeGldW3e5haEg5j4hCbDk7%2BHknwC&RelayState=cookie%3A1711023284_c9d9,183,0,132
1711023311908,86119,HTTP Request - fidustest.skolverket,Non HTTP response code: java.net.SocketException,Thread Group 1-112,Test failed: code expected to contain /200/,3,3,https://idp-skolverket.dev.eduid.se/EduidSP/2021005208/sso/redirect?SAMLRequest=hZJLT8MwEIT%2FSuR74jxaUllNpNAiUalARAoHLsiJt9SqawevU%2BDfk7Q8yqXcVtrxN5rxTpHvVMuKzm30Pbx2gM573ymN7LDISGc1MxwlMs13gMw1rCpuliwOQtZa40xjFPEKRLBOGj0zGrsd2ArsXjbwcL%2FMyMa5Fhmlayk6dL1DgFuj9mC30I9Aq42sa6PAbQJEQwd8TMu7akW8ea%2BWmg%2FkX44UrX9CELAPQHRSDKyrYahKGodxFIbjOJzQgWlBSAuNI95inpHnlNdJOGmg5k3C48k6rUEkozS9gEakIuG9DLGDhUbHtctITxv5YeLH0SqKWTRmUfJEvPIr%2FqXUQuqX813VRxGy69Wq9I%2FpHsHiIVkvIPl0aJwdjO3JH5zH8u%2FiSf5fzfhT85SeWB19W3bbsxfz0ijZfHiFUuZtZoE7yEhEaH588vdQ8k8%3D&RelayState=cookie%3A1711023313_f7ee,1148,0,1100
1711023284409,183,HTTP Request - fidustest.skolverket-0,302,Thread Group 1-57,,3,3,https://fidustest.skolverket.se/Shibboleth.sso/Login?target=https://fidustest.skolverket.se/secure&entityID=https://idp-skolverket.dev.eduid.se/2021005208,183,0,132
1711023311908,1148,HTTP Request - fidustest.skolverket-0,302,Thread Group 1-112,,3,3,https://fidustest.skolverket.se/Shibboleth.sso/Login?target=https://fidustest.skolverket.se/secure&entityID=https://idp-skolverket.dev.eduid.se/2021005208,1148,0,1100
1711023284592,113438,HTTP Request - fidustest.skolverket-1,Non HTTP response code: java.net.SocketException,Thread Group 1-57,,3,3,https://idp-skolverket.dev.eduid.se/EduidSP/2021005208/sso/redirect?SAMLRequest=hZJLT8MwEIT%2FSuR7a%2BfRAlYTKbRIVOIRNYEDF%2BTGW2I1tYPXKfDvSRoe5VJuK%2B34G814Zyh2dcPT1lV6Ba8toPPed7VGfljEpLWaG4EKuRY7QO5Knqe3NzwYM95Y40xpauKliGCdMnpuNLY7sDnYvSrhYXUTk8q5BjmlGyVbdJ3DGLem3oPdQjcCzSu1XpsaXDVGNLTHBzS7zwviLTq10qIn%2F3KUbEZHBAn7MchWyZ511Q95RgMW%2BIxNAnZOe6YFqSyUjnjLRUyeIyZlFIZnMpAC%2FInwRck20xAuNqycRNNpJ0NsYanRCe1i0tGiEQtHgV%2F4AfcjHkVPxMu%2B4l8qLZV%2BOd3VehAhvy6KbDSkewSLh2SdgCSzvnF%2BMLZHf3AaK76LJ8l%2FNeNPzTN6ZDX4NvyuYy8XmalV%2BeGldW3e5haEg5j4hCbDk7%2BHknwC&RelayState=cookie%3A1711023284_c9d9,0,0,113438
1711023313057,84970,HTTP Request - fidustest.skolverket-1,Non HTTP response code: java.net.SocketException,Thread Group 1-112,,3,3,https://idp-skolverket.dev.eduid.se/EduidSP/2021005208/sso/redirect?SAMLRequest=hZJLT8MwEIT%2FSuR74jxaUllNpNAiUalARAoHLsiJt9SqawevU%2BDfk7Q8yqXcVtrxN5rxTpHvVMuKzm30Pbx2gM573ymN7LDISGc1MxwlMs13gMw1rCpuliwOQtZa40xjFPEKRLBOGj0zGrsd2ArsXjbwcL%2FMyMa5Fhmlayk6dL1DgFuj9mC30I9Aq42sa6PAbQJEQwd8TMu7akW8ea%2BWmg%2FkX44UrX9CELAPQHRSDKyrYahKGodxFIbjOJzQgWlBSAuNI95inpHnlNdJOGmg5k3C48k6rUEkozS9gEakIuG9DLGDhUbHtctITxv5YeLH0SqKWTRmUfJEvPIr%2FqXUQuqX813VRxGy69Wq9I%2FpHsHiIVkvIPl0aJwdjO3JH5zH8u%2FiSf5fzfhT85SeWB19W3bbsxfz0ijZfHiFUuZtZoE7yEhEaH588vdQ8k8%3D&RelayState=cookie%3A1711023313_f7ee,0,0,84970
1711023322408,75618,HTTP Request - fidustest.skolverket,Non HTTP response code: java.net.SocketException,Thread Group 1-133,Test failed: code expected to contain /200/,3,3,https://idp-skolverket.dev.eduid.se/EduidSP/2021005208/sso/redirect?SAMLRequest=hZJLT8MwEIT%2FSuR7asd9KLKaSKFFolKBqCkcuKDU2RCriR28ToF%2FT9LyKJdyW2nH32jGO8e8qVuRdK7SG3jtAJ333tQaxXERkc5qYXJUKHTeAAonRZbcrgUfMdFa44w0NfESRLBOGb0wGrsGbAb2oCQ8bNYRqZxrUVBaqqJD1zuMcG%2FqA9g99CPQrFK7nanBVSNEQwc8p%2Bl9tiXeslcrnQ%2FkX44qWv%2BMUMBhBEWnioF1PQxZSjnjAWNTzkI6MC0UyoJ0xFstI%2FIsywmbTnYgQ86YnJXjCS%2FLGWNhGeZBIYNehtjBSqPLtYtIT5v4bOzzYBtwEUwF50%2FES7%2FiXyldKP1yuavdSYTiZrtN%2FVO6R7B4TNYLSDwfGhdHY3v2B5ex%2BXfxJP6vZvypeU7PrE6%2Brbjr2atlamolP7ykrs3bwkLuICIBofHpyd9DiT8B&RelayState=cookie%3A1711023322_3fe7,166,0,115
1711023322408,166,HTTP Request - fidustest.skolverket-0,302,Thread Group 1-133,,3,3,https://fidustest.skolverket.se/Shibboleth.sso/Login?target=https://fidustest.skolverket.se/secure&entityID=https://idp-skolverket.dev.eduid.se/2021005208,166,0,115
1711023322575,75451,HTTP Request - fidustest.skolverket-1,Non HTTP response code: java.net.SocketException,Thread Group 1-133,,3,3,https://idp-skolverket.dev.eduid.se/EduidSP/2021005208/sso/redirect?SAMLRequest=hZJLT8MwEIT%2FSuR7asd9KLKaSKFFolKBqCkcuKDU2RCriR28ToF%2FT9LyKJdyW2nH32jGO8e8qVuRdK7SG3jtAJ333tQaxXERkc5qYXJUKHTeAAonRZbcrgUfMdFa44w0NfESRLBOGb0wGrsGbAb2oCQ8bNYRqZxrUVBaqqJD1zuMcG%2FqA9g99CPQrFK7nanBVSNEQwc8p%2Bl9tiXeslcrnQ%2FkX44qWv%2BMUMBhBEWnioF1PQxZSjnjAWNTzkI6MC0UyoJ0xFstI%2FIsywmbTnYgQ86YnJXjCS%2FLGWNhGeZBIYNehtjBSqPLtYtIT5v4bOzzYBtwEUwF50%2FES7%2FiXyldKP1yuavdSYTiZrtN%2FVO6R7B4TNYLSDwfGhdHY3v2B5ex%2BXfxJP6vZvypeU7PrE6%2Brbjr2atlamolP7ykrs3bwkLuICIBofHpyd9DiT8B&RelayState=cookie%3A1711023322_3fe7,0,0,75451
